# t= 0.001000
0.000000 0.250000 50.000000 0.000000
1.000000 1.000000 0.000000 30.000000
2.000000 1.000000 0.000000 60.000000
3.000000 1.000000 0.000000 90.000000
4.000000 1.000000 0.000000 120.000000
5.000000 1.000000 0.000000 150.000000
6.000000 1.000000 0.000000 180.000000
7.000000 1.000000 0.000000 210.000000
8.000000 1.000000 0.000000 240.000000
9.000000 1.000000 0.000000 270.000000
10.000000 1.000000 0.000000 300.000000
11.000000 1.000000 0.000000 330.000000
12.000000 1.000000 0.000000 360.000000
13.000000 1.000000 0.000000 390.000000
14.000000 1.000000 0.000000 420.000000
15.000000 1.000000 0.000000 450.000000
16.000000 1.000000 0.000000 480.000000
17.000000 1.000000 0.000000 510.000000
18.000000 1.000000 0.000000 540.000000
19.000000 1.000000 0.000000 570.000000
20.000000 1.000000 0.000000 600.000000
21.000000 1.000000 0.000000 630.000000
22.000000 1.000000 0.000000 660.000000
23.000000 1.000000 0.000000 690.000000
24.000000 1.000000 0.000000 720.000000
25.000000 1.000000 0.000000 750.000000
26.000000 1.000000 0.000000 780.000000
27.000000 1.000000 0.000000 810.000000
28.000000 1.000000 0.000000 840.000000
29.000000 1.000000 0.000000 870.000000
30.000000 1.000000 0.000000 900.000000
31.000000 1.000000 0.000000 930.000000
32.000000 1.000000 0.000000 960.000000
33.000000 1.000000 0.000000 990.000000
34.000000 1.000000 0.000000 1020.000000
35.000000 1.000000 0.000000 1050.000000
36.000000 1.000000 0.000000 1080.000000
37.000000 1.000000 0.000000 1110.000000
38.000000 1.000000 0.000000 1140.000000
39.000000 1.000000 0.000000 1170.000000
40.000000 1.000000 0.000000 1200.000000
41.000000 1.000000 0.000000 1230.000000
42.000000 1.000000 0.000000 1260.000000
43.000000 1.000000 0.000000 1290.000000
44.000000 1.000000 0.000000 1320.000000
45.000000 1.000000 0.000000 1350.000000
46.000000 1.000000 0.000000 1380.000000
47.000000 1.000000 0.000000 1410.000000
48.000000 1.000000 0.000000 1440.000000
49.000000 1.000000 0.000000 1470.000000
50.000000 1.000000 0.000000 1500.000000
51.000000 1.000000 0.000000 1530.000000
52.000000 1.000000 0.000000 1560.000000
53.000000 1.000000 0.000000 1590.000000
54.000000 1.000000 0.000000 1620.000000
55.000000 1.000000 0.000000 1650.000000
56.000000 1.000000 0.000000 1680.000000
57.000000 1.000000 0.000000 1710.000000
58.000000 1.000000 0.000000 1740.000000
59.000000 1.000000 0.000000 1770.000000
60.000000 1.000000 0.000000 1800.000000
61.000000 1.000000 0.000000 1830.000000
62.000000 1.000000 0.000000 1860.000000
63.000000 1.000000 0.000000 1890.000000
64.000000 1.000000 0.000000 1920.000000
65.000000 1.000000 0.000000 1950.000000
66.000000 1.000000 0.000000 1980.000000
67.000000 1.000000 0.000000 2010.000000
68.000000 1.000000 0.000000 2040.000000
69.000000 1.000000 0.000000 2070.000000
70.000000 1.000000 0.000000 2100.000000
71.000000 1.000000 0.000000 2130.000000
72.000000 1.000000 0.000000 2160.000000
73.000000 1.000000 0.000000 2190.000000
74.000000 1.000000 0.000000 2220.000000
75.000000 1.000000 0.000000 2250.000000
76.000000 1.000000 0.000000 2280.000000
77.000000 1.000000 0.000000 2310.000000
78.000000 1.000000 0.000000 2340.000000
79.000000 1.000000 0.000000 2370.000000
80.000000 1.000000 0.000000 2400.000000
81.000000 1.000000 0.000000 2430.000000
82.000000 1.000000 0.000000 2460.000000
83.000000 1.000000 0.000000 2490.000000
84.000000 1.000000 0.000000 2520.000000
85.000000 1.000000 0.000000 2550.000000
86.000000 1.000000 0.000000 2580.000000
87.000000 1.000000 0.000000 2610.000000
88.000000 1.000000 0.000000 2640.000000
89.000000 1.000000 0.000000 2670.000000
90.000000 1.000000 0.000000 2700.000000
91.000000 1.000000 0.000000 2730.000000
92.000000 1.000000 0.000000 2760.000000
93.000000 1.000000 0.000000 2790.000000
94.000000 1.000000 0.000000 2820.000000
95.000000 1.000000 0.000000 2850.000000
96.000000 1.000000 0.000000 2880.000000
97.000000 1.000000 0.000000 2910.000000
98.000000 1.000000 0.000000 2940.000000
99.000000 1.000000 0.000000 2970.000000
# t= 0.050000
0.000000 0.000672 50.000000 0.000000
1.000000 0.000686 49.001377 0.020175
2.000000 0.000701 48.002785 0.040764
3.000000 0.000716 47.004223 0.061786
4.000000 0.000731 46.005692 0.083258
5.000000 0.000748 45.007195 0.105201
6.000000 0.000765 44.008732 0.127635
7.000000 0.000783 43.010303 0.150583
8.000000 0.000802 42.011917 0.174070
9.000000 0.000821 41.013569 0.198120
10.000000 0.000842 40.015259 0.222762
11.000000 0.000860 39.017010 0.248025
12.000000 0.050026 37.984112 0.274855
13.000000 0.983782 1.072200 3.842310
14.000000 1.000000 0.000000 33.838188
15.000000 1.000000 0.000000 63.838188
16.000000 1.000000 0.000000 93.838188
17.000000 1.000000 0.000000 123.838188
18.000000 1.000000 0.000000 153.838196
19.000000 1.000000 0.000000 183.838196
20.000000 1.000000 0.000000 213.838196
21.000000 1.000000 0.000000 243.838196
22.000000 1.000000 0.000000 273.838196
23.000000 1.000000 0.000000 303.838196
24.000000 1.000000 0.000000 333.838196
25.000000 1.000000 0.000000 363.838196
26.000000 1.000000 0.000000 393.838196
27.000000 1.000000 0.000000 423.838196
28.000000 1.000000 0.000000 453.838196
29.000000 1.000000 0.000000 483.838196
30.000000 1.000000 0.000000 513.838196
31.000000 1.000000 0.000000 543.838196
32.000000 1.000000 0.000000 573.838196
33.000000 1.000000 0.000000 603.838196
34.000000 1.000000 0.000000 633.838196
35.000000 1.000000 0.000000 663.838196
36.000000 1.000000 0.000000 693.838196
37.000000 1.000000 0.000000 723.838196
38.000000 1.000000 0.000000 753.838196
39.000000 1.000000 0.000000 783.838196
40.000000 1.000000 0.000000 813.838196
41.000000 1.000000 0.000000 843.838196
42.000000 1.000000 0.000000 873.838196
43.000000 1.000000 0.000000 903.838196
44.000000 1.000000 0.000000 933.838196
45.000000 1.000000 0.000000 963.838196
46.000000 1.000000 0.000000 993.838196
47.000000 1.000000 0.000000 1023.838196
48.000000 1.000000 0.000000 1053.838135
49.000000 1.000000 0.000000 1083.838135
50.000000 1.000000 0.000000 1113.838135
51.000000 1.000000 0.000000 1143.838135
52.000000 1.000000 0.000000 1173.838135
53.000000 1.000000 0.000000 1203.838135
54.000000 1.000000 0.000000 1233.838135
55.000000 1.000000 0.000000 1263.838135
56.000000 1.000000 0.000000 1293.838135
57.000000 1.000000 0.000000 1323.838135
58.000000 1.000000 0.000000 1353.838135
59.000000 1.000000 0.000000 1383.838135
60.000000 1.000000 0.000000 1413.838135
61.000000 1.000000 0.000000 1443.838135
62.000000 1.000000 0.000000 1473.838135
63.000000 1.000000 0.000000 1503.838135
64.000000 1.000000 0.000000 1533.838135
65.000000 1.000000 0.000000 1563.838135
66.000000 1.000000 0.000000 1593.838135
67.000000 1.000000 0.000000 1623.838135
68.000000 1.000000 0.000000 1653.838135
69.000000 1.000000 0.000000 1683.838135
70.000000 1.000000 0.000000 1713.838135
71.000000 1.000000 0.000000 1743.838135
72.000000 1.000000 0.000000 1773.838135
73.000000 1.000000 0.000000 1803.838135
74.000000 1.000000 0.000000 1833.838135
75.000000 1.000000 0.000000 1863.838135
76.000000 1.000000 0.000000 1893.838135
77.000000 1.000000 0.000000 1923.838135
78.000000 1.000000 0.000000 1953.838135
79.000000 1.000000 0.000000 1983.838135
80.000000 1.000000 0.000000 2013.838135
81.000000 1.000000 0.000000 2043.838135
82.000000 1.000000 0.000000 2073.838135
83.000000 1.000000 0.000000 2103.838135
84.000000 1.000000 0.000000 2133.838135
85.000000 1.000000 0.000000 2163.838135
86.000000 1.000000 0.000000 2193.838135
87.000000 1.000000 0.000000 2223.838135
88.000000 1.000000 0.000000 2253.838135
89.000000 1.000000 0.000000 2283.838135
90.000000 1.000000 0.000000 2313.838135
91.000000 1.000000 0.000000 2343.838135
92.000000 1.000000 0.000000 2373.838135
93.000000 1.000000 0.000000 2403.838135
94.000000 1.000000 0.000000 2433.838135
95.000000 1.000000 0.000000 2463.838135
96.000000 1.000000 0.000000 2493.838135
97.000000 1.000000 0.000000 2523.838135
98.000000 1.000000 0.000000 2553.838135
99.000000 1.000000 0.000000 2583.838135
# t= 0.100000
0.000000 0.000672 50.000000 0.000000
1.000000 0.000686 49.001377 0.020175
2.000000 0.000701 48.002785 0.040764
3.000000 0.000716 47.004223 0.061786
4.000000 0.000731 46.005692 0.083258
5.000000 0.000748 45.007195 0.105201
6.000000 0.000765 44.008732 0.127635
7.000000 0.000783 43.010303 0.150583
8.000000 0.000802 42.011917 0.174070
9.000000 0.000821 41.013569 0.198120
10.000000 0.000842 40.015259 0.222762
11.000000 0.000864 39.016998 0.248026
12.000000 0.000887 38.018780 0.273943
13.000000 0.000911 37.020611 0.300548
14.000000 0.000937 36.022495 0.327879
15.000000 0.000964 35.024433 0.355977
16.000000 0.000992 34.026428 0.384885
17.000000 0.001023 33.028484 0.414653
18.000000 0.001055 32.030609 0.445331
19.000000 0.001089 31.032801 0.476978
20.000000 0.001306 30.035067 0.509657
21.000000 0.241359 27.956560 0.581371
22.000000 0.999998 0.000109 13.033803
23.000000 1.000000 0.000000 43.033802
24.000000 1.000000 0.000000 73.033806
25.000000 1.000000 0.000000 103.033806
26.000000 1.000000 0.000000 133.033798
27.000000 1.000000 0.000000 163.033798
28.000000 1.000000 0.000000 193.033798
29.000000 1.000000 0.000000 223.033798
30.000000 1.000000 0.000000 253.033798
31.000000 1.000000 0.000000 283.033813
32.000000 1.000000 0.000000 313.033813
33.000000 1.000000 0.000000 343.033813
34.000000 1.000000 0.000000 373.033813
35.000000 1.000000 0.000000 403.033813
36.000000 1.000000 0.000000 433.033813
37.000000 1.000000 0.000000 463.033813
38.000000 1.000000 0.000000 493.033813
39.000000 1.000000 0.000000 523.033813
40.000000 1.000000 0.000000 553.033813
41.000000 1.000000 0.000000 583.033813
42.000000 1.000000 0.000000 613.033813
43.000000 1.000000 0.000000 643.033813
44.000000 1.000000 0.000000 673.033813
45.000000 1.000000 0.000000 703.033813
46.000000 1.000000 0.000000 733.033813
47.000000 1.000000 0.000000 763.033813
48.000000 1.000000 0.000000 793.033813
49.000000 1.000000 0.000000 823.033813
50.000000 1.000000 0.000000 853.033813
51.000000 1.000000 0.000000 883.033813
52.000000 1.000000 0.000000 913.033813
53.000000 1.000000 0.000000 943.033813
54.000000 1.000000 0.000000 973.033813
55.000000 1.000000 0.000000 1003.033813
56.000000 1.000000 0.000000 1033.033813
57.000000 1.000000 0.000000 1063.033813
58.000000 1.000000 0.000000 1093.033813
59.000000 1.000000 0.000000 1123.033813
60.000000 1.000000 0.000000 1153.033813
61.000000 1.000000 0.000000 1183.033813
62.000000 1.000000 0.000000 1213.033813
63.000000 1.000000 0.000000 1243.033813
64.000000 1.000000 0.000000 1273.033813
65.000000 1.000000 0.000000 1303.033813
66.000000 1.000000 0.000000 1333.033813
67.000000 1.000000 0.000000 1363.033813
68.000000 1.000000 0.000000 1393.033813
69.000000 1.000000 0.000000 1423.033813
70.000000 1.000000 0.000000 1453.033813
71.000000 1.000000 0.000000 1483.033813
72.000000 1.000000 0.000000 1513.033813
73.000000 1.000000 0.000000 1543.033813
74.000000 1.000000 0.000000 1573.033813
75.000000 1.000000 0.000000 1603.033813
76.000000 1.000000 0.000000 1633.033813
77.000000 1.000000 0.000000 1663.033813
78.000000 1.000000 0.000000 1693.033813
79.000000 1.000000 0.000000 1723.033813
80.000000 1.000000 0.000000 1753.033813
81.000000 1.000000 0.000000 1783.033813
82.000000 1.000000 0.000000 1813.033813
83.000000 1.000000 0.000000 1843.033813
84.000000 1.000000 0.000000 1873.033813
85.000000 1.000000 0.000000 1903.033813
86.000000 1.000000 0.000000 1933.033813
87.000000 1.000000 0.000000 1963.033813
88.000000 1.000000 0.000000 1993.033813
89.000000 1.000000 0.000000 2023.033813
90.000000 1.000000 0.000000 2053.033691
91.000000 1.000000 0.000000 2083.033691
92.000000 1.000000 0.000000 2113.033691
93.000000 1.000000 0.000000 2143.033691
94.000000 1.000000 0.000000 2173.033691
95.000000 1.000000 0.000000 2203.033691
96.000000 1.000000 0.000000 2233.033691
97.000000 1.000000 0.000000 2263.033691
98.000000 1.000000 0.000000 2293.033691
99.000000 1.000000 0.000000 2323.033691
# t= 0.150000
0.000000 0.000672 50.000000 0.000000
1.000000 0.000686 49.001377 0.020175
2.000000 0.000701 48.002785 0.040764
3.000000 0.000716 47.004223 0.061786
4.000000 0.000731 46.005692 0.083258
5.000000 0.000748 45.007195 0.105201
6.000000 0.000765 44.008732 0.127635
7.000000 0.000783 43.010303 0.150583
8.000000 0.000802 42.011917 0.174070
9.000000 0.000821 41.013569 0.198120
10.000000 0.000842 40.015259 0.222762
11.000000 0.000864 39.016998 0.248026
12.000000 0.000887 38.018780 0.273943
13.000000 0.000911 37.020611 0.300548
14.000000 0.000937 36.022495 0.327879
15.000000 0.000964 35.024433 0.355977
16.000000 0.000992 34.026428 0.384885
17.000000 0.001023 33.028484 0.414653
18.000000 0.001055 32.030609 0.445331
19.000000 0.001089 31.032801 0.476978
20.000000 0.001126 30.035067 0.509657
21.000000 0.001165 29.037413 0.543438
22.000000 0.001207 28.039843 0.578397
23.000000 0.001253 27.042364 0.614618
24.000000 0.001301 26.044987 0.652198
25.000000 0.001354 25.047714 0.691240
26.000000 0.001427 24.050558 0.731865
27.000000 0.071480 23.018950 0.775705
28.000000 0.984890 0.846406 4.078779
29.000000 1.000000 0.000000 34.005444
30.000000 1.000000 0.000000 64.005447
31.000000 1.000000 0.000000 94.005447
32.000000 1.000000 0.000000 124.005447
33.000000 1.000000 0.000000 154.005447
34.000000 1.000000 0.000000 184.005447
35.000000 1.000000 0.000000 214.005447
36.000000 1.000000 0.000000 244.005447
37.000000 1.000000 0.000000 274.005432
38.000000 1.000000 0.000000 304.005432
39.000000 1.000000 0.000000 334.005432
40.000000 1.000000 0.000000 364.005432
41.000000 1.000000 0.000000 394.005432
42.000000 1.000000 0.000000 424.005432
43.000000 1.000000 0.000000 454.005432
44.000000 1.000000 0.000000 484.005432
45.000000 1.000000 0.000000 514.005432
46.000000 1.000000 0.000000 544.005432
47.000000 1.000000 0.000000 574.005432
48.000000 1.000000 0.000000 604.005432
49.000000 1.000000 0.000000 634.005432
50.000000 1.000000 0.000000 664.005432
51.000000 1.000000 0.000000 694.005432
52.000000 1.000000 0.000000 724.005432
53.000000 1.000000 0.000000 754.005432
54.000000 1.000000 0.000000 784.005432
55.000000 1.000000 0.000000 814.005432
56.000000 1.000000 0.000000 844.005432
57.000000 1.000000 0.000000 874.005432
58.000000 1.000000 0.000000 904.005432
59.000000 1.000000 0.000000 934.005432
60.000000 1.000000 0.000000 964.005432
61.000000 1.000000 0.000000 994.005432
62.000000 1.000000 0.000000 1024.005493
63.000000 1.000000 0.000000 1054.005493
64.000000 1.000000 0.000000 1084.005493
65.000000 1.000000 0.000000 1114.005493
66.000000 1.000000 0.000000 1144.005493
67.000000 1.000000 0.000000 1174.005493
68.000000 1.000000 0.000000 1204.005493
69.000000 1.000000 0.000000 1234.005493
70.000000 1.000000 0.000000 1264.005493
71.000000 1.000000 0.000000 1294.005493
72.000000 1.000000 0.000000 1324.005493
73.000000 1.000000 0.000000 1354.005493
74.000000 1.000000 0.000000 1384.005493
75.000000 1.000000 0.000000 1414.005493
76.000000 1.000000 0.000000 1444.005493
77.000000 1.000000 0.000000 1474.005493
78.000000 1.000000 0.000000 1504.005493
79.000000 1.000000 0.000000 1534.005493
80.000000 1.000000 0.000000 1564.005493
81.000000 1.000000 0.000000 1594.005493
82.000000 1.000000 0.000000 1624.005493
83.000000 1.000000 0.000000 1654.005493
84.000000 1.000000 0.000000 1684.005493
85.000000 1.000000 0.000000 1714.005493
86.000000 1.000000 0.000000 1744.005493
87.000000 1.000000 0.000000 1774.005493
88.000000 1.000000 0.000000 1804.005493
89.000000 1.000000 0.000000 1834.005493
90.000000 1.000000 0.000000 1864.005493
91.000000 1.000000 0.000000 1894.005493
92.000000 1.000000 0.000000 1924.005493
93.000000 1.000000 0.000000 1954.005493
94.000000 1.000000 0.000000 1984.005493
95.000000 1.000000 0.000000 2014.005493
96.000000 1.000000 0.000000 2044.005493
97.000000 1.000000 0.000000 2074.005371
98.000000 1.000000 0.000000 2104.005371
99.000000 1.000000 0.000000 2134.005371
# t= 0.200000
0.000000 0.000672 50.000000 0.000000
1.000000 0.000686 49.001377 0.020175
2.000000 0.000701 48.002785 0.040764
3.000000 0.000716 47.004223 0.061786
4.000000 0.000731 46.005692 0.083258
5.000000 0.000748 45.007195 0.105201
6.000000 0.000765 44.008732 0.127635
7.000000 0.000783 43.010303 0.150583
8.000000 0.000802 42.011917 0.174070
9.000000 0.000821 41.013569 0.198120
10.000000 0.000842 40.015259 0.222762
11.000000 0.000864 39.016998 0.248026
12.000000 0.000887 38.018780 0.273943
13.000000 0.000911 37.020611 0.300548
14.000000 0.000937 36.022495 0.327879
15.000000 0.000964 35.024433 0.355977
16.000000 0.000992 34.026428 0.384885
17.000000 0.001023 33.028484 0.414653
18.000000 0.001055 32.030609 0.445331
19.000000 0.001089 31.032801 0.476978
20.000000 0.001126 30.035067 0.509657
21.000000 0.001165 29.037413 0.543438
22.000000 0.001207 28.039843 0.578397
23.000000 0.001253 27.042364 0.614618
24.000000 0.001301 26.044987 0.652198
25.000000 0.001354 25.047714 0.691240
26.000000 0.001411 24.050558 0.731865
27.000000 0.001474 23.053528 0.774204
28.000000 0.001541 22.056635 0.818410
29.000000 0.001616 21.059893 0.864653
30.000000 0.001698 20.063316 0.913130
31.000000 0.002066 19.066908 0.964069
32.000000 0.167190 17.747347 1.035787
33.000000 0.999680 0.019499 7.849400
34.000000 1.000000 0.000000 37.848572
35.000000 1.000000 0.000000 67.848572
36.000000 1.000000 0.000000 97.848572
37.000000 1.000000 0.000000 127.848572
38.000000 1.000000 0.000000 157.848572
39.000000 1.000000 0.000000 187.848572
40.000000 1.000000 0.000000 217.848572
41.000000 1.000000 0.000000 247.848572
42.000000 1.000000 0.000000 277.848572
43.000000 1.000000 0.000000 307.848572
44.000000 1.000000 0.000000 337.848572
45.000000 1.000000 0.000000 367.848572
46.000000 1.000000 0.000000 397.848572
47.000000 1.000000 0.000000 427.848572
48.000000 1.000000 0.000000 457.848572
49.000000 1.000000 0.000000 487.848572
50.000000 1.000000 0.000000 517.848572
51.000000 1.000000 0.000000 547.848572
52.000000 1.000000 0.000000 577.848572
53.000000 1.000000 0.000000 607.848572
54.000000 1.000000 0.000000 637.848572
55.000000 1.000000 0.000000 667.848572
56.000000 1.000000 0.000000 697.848572
57.000000 1.000000 0.000000 727.848572
58.000000 1.000000 0.000000 757.848572
59.000000 1.000000 0.000000 787.848572
60.000000 1.000000 0.000000 817.848572
61.000000 1.000000 0.000000 847.848572
62.000000 1.000000 0.000000 877.848572
63.000000 1.000000 0.000000 907.848572
64.000000 1.000000 0.000000 937.848572
65.000000 1.000000 0.000000 967.848572
66.000000 1.000000 0.000000 997.848572
67.000000 1.000000 0.000000 1027.848511
68.000000 1.000000 0.000000 1057.848511
69.000000 1.000000 0.000000 1087.848511
70.000000 1.000000 0.000000 1117.848511
71.000000 1.000000 0.000000 1147.848511
72.000000 1.000000 0.000000 1177.848511
73.000000 1.000000 0.000000 1207.848511
74.000000 1.000000 0.000000 1237.848511
75.000000 1.000000 0.000000 1267.848511
76.000000 1.000000 0.000000 1297.848511
77.000000 1.000000 0.000000 1327.848511
78.000000 1.000000 0.000000 1357.848511
79.000000 1.000000 0.000000 1387.848511
80.000000 1.000000 0.000000 1417.848511
81.000000 1.000000 0.000000 1447.848511
82.000000 1.000000 0.000000 1477.848511
83.000000 1.000000 0.000000 1507.848511
84.000000 1.000000 0.000000 1537.848511
85.000000 1.000000 0.000000 1567.848511
86.000000 1.000000 0.000000 1597.848511
87.000000 1.000000 0.000000 1627.848511
88.000000 1.000000 0.000000 1657.848511
89.000000 1.000000 0.000000 1687.848511
90.000000 1.000000 0.000000 1717.848511
91.000000 1.000000 0.000000 1747.848511
92.000000 1.000000 0.000000 1777.848511
93.000000 1.000000 0.000000 1807.848511
94.000000 1.000000 0.000000 1837.848511
95.000000 1.000000 0.000000 1867.848511
96.000000 1.000000 0.000000 1897.848511
97.000000 1.000000 0.000000 1927.848511
98.000000 1.000000 0.000000 1957.848511
99.000000 1.000000 0.000000 1987.848511
# t= 0.250000
0.000000 0.000672 50.000000 0.000000
1.000000 0.000686 49.001377 0.020175
2.000000 0.000701 48.002785 0.040764
3.000000 0.000716 47.004223 0.061786
4.000000 0.000731 46.005692 0.083258
5.000000 0.000748 45.007195 0.105201
6.000000 0.000765 44.008732 0.127635
7.000000 0.000783 43.010303 0.150583
8.000000 0.000802 42.011917 0.174070
9.000000 0.000821 41.013569 0.198120
10.000000 0.000842 40.015259 0.222762
11.000000 0.000864 39.016998 0.248026
12.000000 0.000887 38.018780 0.273943
13.000000 0.000911 37.020611 0.300548
14.000000 0.000937 36.022495 0.327879
15.000000 0.000964 35.024433 0.355977
16.000000 0.000992 34.026428 0.384885
17.000000 0.001023 33.028484 0.414653
18.000000 0.001055 32.030609 0.445331
19.000000 0.001089 31.032801 0.476978
20.000000 0.001126 30.035067 0.509657
21.000000 0.001165 29.037413 0.543438
22.000000 0.001207 28.039843 0.578397
23.000000 0.001253 27.042364 0.614618
24.000000 0.001301 26.044987 0.652198
25.000000 0.001354 25.047714 0.691240
26.000000 0.001411 24.050558 0.731865
27.000000 0.001474 23.053528 0.774204
28.000000 0.001541 22.056635 0.818410
29.000000 0.001616 21.059893 0.864653
30.000000 0.001698 20.063316 0.913130
31.000000 0.001789 19.066925 0.964068
32.000000 0.001890 18.070738 1.017729
33.000000 0.002003 17.074781 1.074420
34.000000 0.002131 16.079082 1.134504
35.000000 0.007136 15.083129 1.198446
36.000000 0.480339 11.125760 1.502760
37.000000 1.000000 0.000000 18.793051
38.000000 1.000000 0.000000 48.793053
39.000000 1.000000 0.000000 78.793053
40.000000 1.000000 0.000000 108.793053
41.000000 1.000000 0.000000 138.793045
42.000000 1.000000 0.000000 168.793045
43.000000 1.000000 0.000000 198.793045
44.000000 1.000000 0.000000 228.793045
45.000000 1.000000 0.000000 258.793060
46.000000 1.000000 0.000000 288.793060
47.000000 1.000000 0.000000 318.793060
48.000000 1.000000 0.000000 348.793060
49.000000 1.000000 0.000000 378.793060
50.000000 1.000000 0.000000 408.793060
51.000000 1.000000 0.000000 438.793060
52.000000 1.000000 0.000000 468.793060
53.000000 1.000000 0.000000 498.793060
54.000000 1.000000 0.000000 528.793030
55.000000 1.000000 0.000000 558.793030
56.000000 1.000000 0.000000 588.793030
57.000000 1.000000 0.000000 618.793030
58.000000 1.000000 0.000000 648.793030
59.000000 1.000000 0.000000 678.793030
60.000000 1.000000 0.000000 708.793030
61.000000 1.000000 0.000000 738.793030
62.000000 1.000000 0.000000 768.793030
63.000000 1.000000 0.000000 798.793030
64.000000 1.000000 0.000000 828.793030
65.000000 1.000000 0.000000 858.793030
66.000000 1.000000 0.000000 888.793030
67.000000 1.000000 0.000000 918.793030
68.000000 1.000000 0.000000 948.793030
69.000000 1.000000 0.000000 978.793030
70.000000 1.000000 0.000000 1008.793030
71.000000 1.000000 0.000000 1038.793091
72.000000 1.000000 0.000000 1068.793091
73.000000 1.000000 0.000000 1098.793091
74.000000 1.000000 0.000000 1128.793091
75.000000 1.000000 0.000000 1158.793091
76.000000 1.000000 0.000000 1188.793091
77.000000 1.000000 0.000000 1218.793091
78.000000 1.000000 0.000000 1248.793091
79.000000 1.000000 0.000000 1278.793091
80.000000 1.000000 0.000000 1308.793091
81.000000 1.000000 0.000000 1338.793091
82.000000 1.000000 0.000000 1368.793091
83.000000 1.000000 0.000000 1398.793091
84.000000 1.000000 0.000000 1428.793091
85.000000 1.000000 0.000000 1458.793091
86.000000 1.000000 0.000000 1488.793091
87.000000 1.000000 0.000000 1518.793091
88.000000 1.000000 0.000000 1548.793091
89.000000 1.000000 0.000000 1578.793091
90.000000 1.000000 0.000000 1608.793091
91.000000 1.000000 0.000000 1638.793091
92.000000 1.000000 0.000000 1668.793091
93.000000 1.000000 0.000000 1698.793091
94.000000 1.000000 0.000000 1728.793091
95.000000 1.000000 0.000000 1758.793091
96.000000 1.000000 0.000000 1788.793091
97.000000 1.000000 0.000000 1818.793091
98.000000 1.000000 0.000000 1848.793091
99.000000 1.000000 0.000000 1878.793091
# t= 0.300000
0.000000 0.000672 50.000000 0.000000
1.000000 0.000686 49.001377 0.020175
2.000000 0.000701 48.002785 0.040764
3.000000 0.000716 47.004223 0.061786
4.000000 0.000731 46.005692 0.083258
5.000000 0.000748 45.007195 0.105201
6.000000 0.000765 44.008732 0.127635
7.000000 0.000783 43.010303 0.150583
8.000000 0.000802 42.011917 0.174070
9.000000 0.000821 41.013569 0.198120
10.000000 0.000842 40.015259 0.222762
11.000000 0.000864 39.016998 0.248026
12.000000 0.000887 38.018780 0.273943
13.000000 0.000911 37.020611 0.300548
14.000000 0.000937 36.022495 0.327879
15.000000 0.000964 35.024433 0.355977
16.000000 0.000992 34.026428 0.384885
17.000000 0.001023 33.028484 0.414653
18.000000 0.001055 32.030609 0.445331
19.000000 0.001089 31.032801 0.476978
20.000000 0.001126 30.035067 0.509657
21.000000 0.001165 29.037413 0.543438
22.000000 0.001207 28.039843 0.578397
23.000000 0.001253 27.042364 0.614618
24.000000 0.001301 26.044987 0.652198
25.000000 0.001354 25.047714 0.691240
26.000000 0.001411 24.050558 0.731865
27.000000 0.001474 23.053528 0.774204
28.000000 0.001541 22.056635 0.818410
29.000000 0.001616 21.059893 0.864653
30.000000 0.001698 20.063316 0.913130
31.000000 0.001789 19.066925 0.964068
32.000000 0.001890 18.070738 1.017729
33.000000 0.002003 17.074781 1.074420
34.000000 0.002130 16.079082 1.134504
35.000000 0.002275 15.083676 1.198410
36.000000 0.002441 14.088608 1.266657
37.000000 0.002635 13.093926 1.339875
38.000000 0.014472 12.098026 1.418981
39.000000 0.645921 6.866294 1.985398
40.000000 1.000000 0.000000 23.585344
41.000000 1.000000 0.000000 53.585342
42.000000 1.000000 0.000000 83.585342
43.000000 1.000000 0.000000 113.585342
44.000000 1.000000 0.000000 143.585342
45.000000 1.000000 0.000000 173.585342
46.000000 1.000000 0.000000 203.585342
47.000000 1.000000 0.000000 233.585342
48.000000 1.000000 0.000000 263.585358
49.000000 1.000000 0.000000 293.585358
50.000000 1.000000 0.000000 323.585358
51.000000 1.000000 0.000000 353.585358
52.000000 1.000000 0.000000 383.585358
53.000000 1.000000 0.000000 413.585358
54.000000 1.000000 0.000000 443.585358
55.000000 1.000000 0.000000 473.585358
56.000000 1.000000 0.000000 503.585358
57.000000 1.000000 0.000000 533.585327
58.000000 1.000000 0.000000 563.585327
59.000000 1.000000 0.000000 593.585327
60.000000 1.000000 0.000000 623.585327
61.000000 1.000000 0.000000 653.585327
62.000000 1.000000 0.000000 683.585327
63.000000 1.000000 0.000000 713.585327
64.000000 1.000000 0.000000 743.585327
65.000000 1.000000 0.000000 773.585327
66.000000 1.000000 0.000000 803.585327
67.000000 1.000000 0.000000 833.585327
68.000000 1.000000 0.000000 863.585327
69.000000 1.000000 0.000000 893.585327
70.000000 1.000000 0.000000 923.585327
71.000000 1.000000 0.000000 953.585327
72.000000 1.000000 0.000000 983.585327
73.000000 1.000000 0.000000 1013.585327
74.000000 1.000000 0.000000 1043.585327
75.000000 1.000000 0.000000 1073.585327
76.000000 1.000000 0.000000 1103.585327
77.000000 1.000000 0.000000 1133.585327
78.000000 1.000000 0.000000 1163.585327
79.000000 1.000000 0.000000 1193.585327
80.000000 1.000000 0.000000 1223.585327
81.000000 1.000000 0.000000 1253.585327
82.000000 1.000000 0.000000 1283.585327
83.000000 1.000000 0.000000 1313.585327
84.000000 1.000000 0.000000 1343.585327
85.000000 1.000000 0.000000 1373.585327
86.000000 1.000000 0.000000 1403.585327
87.000000 1.000000 0.000000 1433.585327
88.000000 1.000000 0.000000 1463.585327
89.000000 1.000000 0.000000 1493.585327
90.000000 1.000000 0.000000 1523.585327
91.000000 1.000000 0.000000 1553.585327
92.000000 1.000000 0.000000 1583.585327
93.000000 1.000000 0.000000 1613.585327
94.000000 1.000000 0.000000 1643.585327
95.000000 1.000000 0.000000 1673.585327
96.000000 1.000000 0.000000 1703.585327
97.000000 1.000000 0.000000 1733.585327
98.000000 1.000000 0.000000 1763.585327
99.000000 1.000000 0.000000 1793.585327
# t= 0.350000
0.000000 0.000672 50.000000 0.000000
1.000000 0.000686 49.001377 0.020175
2.000000 0.000701 48.002785 0.040764
3.000000 0.000716 47.004223 0.061786
4.000000 0.000731 46.005692 0.083258
5.000000 0.000748 45.007195 0.105201
6.000000 0.000765 44.008732 0.127635
7.000000 0.000783 43.010303 0.150583
8.000000 0.000802 42.011917 0.174070
9.000000 0.000821 41.013569 0.198120
10.000000 0.000842 40.015259 0.222762
11.000000 0.000864 39.016998 0.248026
12.000000 0.000887 38.018780 0.273943
13.000000 0.000911 37.020611 0.300548
14.000000 0.000937 36.022495 0.327879
15.000000 0.000964 35.024433 0.355977
16.000000 0.000992 34.026428 0.384885
17.000000 0.001023 33.028484 0.414653
18.000000 0.001055 32.030609 0.445331
19.000000 0.001089 31.032801 0.476978
20.000000 0.001126 30.035067 0.509657
21.000000 0.001165 29.037413 0.543438
22.000000 0.001207 28.039843 0.578397
23.000000 0.001253 27.042364 0.614618
24.000000 0.001301 26.044987 0.652198
25.000000 0.001354 25.047714 0.691240
26.000000 0.001411 24.050558 0.731865
27.000000 0.001474 23.053528 0.774204
28.000000 0.001541 22.056635 0.818410
29.000000 0.001616 21.059893 0.864653
30.000000 0.001698 20.063316 0.913130
31.000000 0.001789 19.066925 0.964068
32.000000 0.001890 18.070738 1.017729
33.000000 0.002003 17.074781 1.074420
34.000000 0.002130 16.079082 1.134504
35.000000 0.002275 15.083676 1.198410
36.000000 0.002441 14.088608 1.266657
37.000000 0.002632 13.093927 1.339875
38.000000 0.002856 12.099701 1.418842
39.000000 0.003123 11.106014 1.504536
40.000000 0.005104 10.112837 1.598217
41.000000 0.286773 8.520294 1.769572
42.000000 0.999991 0.000450 11.617945
43.000000 1.000000 0.000000 41.617882
44.000000 1.000000 0.000000 71.617882
45.000000 1.000000 0.000000 101.617882
46.000000 1.000000 0.000000 131.617889
47.000000 1.000000 0.000000 161.617889
48.000000 1.000000 0.000000 191.617889
49.000000 1.000000 0.000000 221.617889
50.000000 1.000000 0.000000 251.617889
51.000000 1.000000 0.000000 281.617889
52.000000 1.000000 0.000000 311.617889
53.000000 1.000000 0.000000 341.617889
54.000000 1.000000 0.000000 371.617889
55.000000 1.000000 0.000000 401.617889
56.000000 1.000000 0.000000 431.617889
57.000000 1.000000 0.000000 461.617889
58.000000 1.000000 0.000000 491.617889
59.000000 1.000000 0.000000 521.617859
60.000000 1.000000 0.000000 551.617859
61.000000 1.000000 0.000000 581.617859
62.000000 1.000000 0.000000 611.617859
63.000000 1.000000 0.000000 641.617859
64.000000 1.000000 0.000000 671.617859
65.000000 1.000000 0.000000 701.617859
66.000000 1.000000 0.000000 731.617859
67.000000 1.000000 0.000000 761.617859
68.000000 1.000000 0.000000 791.617859
69.000000 1.000000 0.000000 821.617859
70.000000 1.000000 0.000000 851.617859
71.000000 1.000000 0.000000 881.617859
72.000000 1.000000 0.000000 911.617859
73.000000 1.000000 0.000000 941.617859
74.000000 1.000000 0.000000 971.617859
75.000000 1.000000 0.000000 1001.617859
76.000000 1.000000 0.000000 1031.617920
77.000000 1.000000 0.000000 1061.617920
78.000000 1.000000 0.000000 1091.617920
79.000000 1.000000 0.000000 1121.617920
80.000000 1.000000 0.000000 1151.617920
81.000000 1.000000 0.000000 1181.617920
82.000000 1.000000 0.000000 1211.617920
83.000000 1.000000 0.000000 1241.617920
84.000000 1.000000 0.000000 1271.617920
85.000000 1.000000 0.000000 1301.617920
86.000000 1.000000 0.000000 1331.617920
87.000000 1.000000 0.000000 1361.617920
88.000000 1.000000 0.000000 1391.617920
89.000000 1.000000 0.000000 1421.617920
90.000000 1.000000 0.000000 1451.617920
91.000000 1.000000 0.000000 1481.617920
92.000000 1.000000 0.000000 1511.617920
93.000000 1.000000 0.000000 1541.617920
94.000000 1.000000 0.000000 1571.617920
95.000000 1.000000 0.000000 1601.617920
96.000000 1.000000 0.000000 1631.617920
97.000000 1.000000 0.000000 1661.617920
98.000000 1.000000 0.000000 1691.617920
99.000000 1.000000 0.000000 1721.617920
# t= 0.400000
0.000000 0.000672 50.000000 0.000000
1.000000 0.000686 49.001377 0.020175
2.000000 0.000701 48.002785 0.040764
3.000000 0.000716 47.004223 0.061786
4.000000 0.000731 46.005692 0.083258
5.000000 0.000748 45.007195 0.105201
6.000000 0.000765 44.008732 0.127635
7.000000 0.000783 43.010303 0.150583
8.000000 0.000802 42.011917 0.174070
9.000000 0.000821 41.013569 0.198120
10.000000 0.000842 40.015259 0.222762
11.000000 0.000864 39.016998 0.248026
12.000000 0.000887 38.018780 0.273943
13.000000 0.000911 37.020611 0.300548
14.000000 0.000937 36.022495 0.327879
15.000000 0.000964 35.024433 0.355977
16.000000 0.000992 34.026428 0.384885
17.000000 0.001023 33.028484 0.414653
18.000000 0.001055 32.030609 0.445331
19.000000 0.001089 31.032801 0.476978
20.000000 0.001126 30.035067 0.509657
21.000000 0.001165 29.037413 0.543438
22.000000 0.001207 28.039843 0.578397
23.000000 0.001253 27.042364 0.614618
24.000000 0.001301 26.044987 0.652198
25.000000 0.001354 25.047714 0.691240
26.000000 0.001411 24.050558 0.731865
27.000000 0.001474 23.053528 0.774204
28.000000 0.001541 22.056635 0.818410
29.000000 0.001616 21.059893 0.864653
30.000000 0.001698 20.063316 0.913130
31.000000 0.001789 19.066925 0.964068
32.000000 0.001890 18.070738 1.017729
33.000000 0.002003 17.074781 1.074420
34.000000 0.002130 16.079082 1.134504
35.000000 0.002275 15.083676 1.198410
36.000000 0.002441 14.088608 1.266657
37.000000 0.002632 13.093927 1.339875
38.000000 0.002856 12.099701 1.418842
39.000000 0.003122 11.106014 1.504536
40.000000 0.003442 10.112975 1.598204
41.000000 0.003837 9.120729 1.701473
42.000000 0.011597 8.128784 1.816612
43.000000 0.525511 5.447770 2.216817
44.000000 1.000000 0.000000 19.379107
45.000000 1.000000 0.000000 49.379108
46.000000 1.000000 0.000000 79.379105
47.000000 1.000000 0.000000 109.379105
48.000000 1.000000 0.000000 139.379105
49.000000 1.000000 0.000000 169.379105
50.000000 1.000000 0.000000 199.379105
51.000000 1.000000 0.000000 229.379105
52.000000 1.000000 0.000000 259.379120
53.000000 1.000000 0.000000 289.379120
54.000000 1.000000 0.000000 319.379120
55.000000 1.000000 0.000000 349.379120
56.000000 1.000000 0.000000 379.379120
57.000000 1.000000 0.000000 409.379120
58.000000 1.000000 0.000000 439.379120
59.000000 1.000000 0.000000 469.379120
60.000000 1.000000 0.000000 499.379120
61.000000 1.000000 0.000000 529.379089
62.000000 1.000000 0.000000 559.379089
63.000000 1.000000 0.000000 589.379089
64.000000 1.000000 0.000000 619.379089
65.000000 1.000000 0.000000 649.379089
66.000000 1.000000 0.000000 679.379089
67.000000 1.000000 0.000000 709.379089
68.000000 1.000000 0.000000 739.379089
69.000000 1.000000 0.000000 769.379089
70.000000 1.000000 0.000000 799.379089
71.000000 1.000000 0.000000 829.379089
72.000000 1.000000 0.000000 859.379089
73.000000 1.000000 0.000000 889.379089
74.000000 1.000000 0.000000 919.379089
75.000000 1.000000 0.000000 949.379089
76.000000 1.000000 0.000000 979.379089
77.000000 1.000000 0.000000 1009.379089
78.000000 1.000000 0.000000 1039.379150
79.000000 1.000000 0.000000 1069.379150
80.000000 1.000000 0.000000 1099.379150
81.000000 1.000000 0.000000 1129.379150
82.000000 1.000000 0.000000 1159.379150
83.000000 1.000000 0.000000 1189.379150
84.000000 1.000000 0.000000 1219.379150
85.000000 1.000000 0.000000 1249.379150
86.000000 1.000000 0.000000 1279.379150
87.000000 1.000000 0.000000 1309.379150
88.000000 1.000000 0.000000 1339.379150
89.000000 1.000000 0.000000 1369.379150
90.000000 1.000000 0.000000 1399.379150
91.000000 1.000000 0.000000 1429.379150
92.000000 1.000000 0.000000 1459.379150
93.000000 1.000000 0.000000 1489.379150
94.000000 1.000000 0.000000 1519.379150
95.000000 1.000000 0.000000 1549.379150
96.000000 1.000000 0.000000 1579.379150
97.000000 1.000000 0.000000 1609.379150
98.000000 1.000000 0.000000 1639.379150
99.000000 1.000000 0.000000 1669.379150
# t= 0.450000
0.000000 0.000672 50.000000 0.000000
1.000000 0.000686 49.001377 0.020175
2.000000 0.000701 48.002785 0.040764
3.000000 0.000716 47.004223 0.061786
4.000000 0.000731 46.005692 0.083258
5.000000 0.000748 45.007195 0.105201
6.000000 0.000765 44.008732 0.127635
7.000000 0.000783 43.010303 0.150583
8.000000 0.000802 42.011917 0.174070
9.000000 0.000821 41.013569 0.198120
10.000000 0.000842 40.015259 0.222762
11.000000 0.000864 39.016998 0.248026
12.000000 0.000887 38.018780 0.273943
13.000000 0.000911 37.020611 0.300548
14.000000 0.000937 36.022495 0.327879
15.000000 0.000964 35.024433 0.355977
16.000000 0.000992 34.026428 0.384885
17.000000 0.001023 33.028484 0.414653
18.000000 0.001055 32.030609 0.445331
19.000000 0.001089 31.032801 0.476978
20.000000 0.001126 30.035067 0.509657
21.000000 0.001165 29.037413 0.543438
22.000000 0.001207 28.039843 0.578397
23.000000 0.001253 27.042364 0.614618
24.000000 0.001301 26.044987 0.652198
25.000000 0.001354 25.047714 0.691240
26.000000 0.001411 24.050558 0.731865
27.000000 0.001474 23.053528 0.774204
28.000000 0.001541 22.056635 0.818410
29.000000 0.001616 21.059893 0.864653
30.000000 0.001698 20.063316 0.913130
31.000000 0.001789 19.066925 0.964068
32.000000 0.001890 18.070738 1.017729
33.000000 0.002003 17.074781 1.074420
34.000000 0.002130 16.079082 1.134504
35.000000 0.002275 15.083676 1.198410
36.000000 0.002441 14.088608 1.266657
37.000000 0.002632 13.093927 1.339875
38.000000 0.002856 12.099701 1.418842
39.000000 0.003122 11.106014 1.504536
40.000000 0.003442 10.112975 1.598204
41.000000 0.003835 9.120729 1.701473
42.000000 0.004328 8.129478 1.816526
43.000000 0.005236 7.139496 1.946381
44.000000 0.123913 6.090309 2.105324
45.000000 0.995739 0.103649 6.178766
46.000000 1.000000 0.000000 36.097462
47.000000 1.000000 0.000000 66.097458
48.000000 1.000000 0.000000 96.097458
49.000000 1.000000 0.000000 126.097458
50.000000 1.000000 0.000000 156.097458
51.000000 1.000000 0.000000 186.097458
52.000000 1.000000 0.000000 216.097458
53.000000 1.000000 0.000000 246.097458
54.000000 1.000000 0.000000 276.097473
55.000000 1.000000 0.000000 306.097473
56.000000 1.000000 0.000000 336.097473
57.000000 1.000000 0.000000 366.097473
58.000000 1.000000 0.000000 396.097473
59.000000 1.000000 0.000000 426.097473
60.000000 1.000000 0.000000 456.097473
61.000000 1.000000 0.000000 486.097473
62.000000 1.000000 0.000000 516.097473
63.000000 1.000000 0.000000 546.097473
64.000000 1.000000 0.000000 576.097473
65.000000 1.000000 0.000000 606.097473
66.000000 1.000000 0.000000 636.097473
67.000000 1.000000 0.000000 666.097473
68.000000 1.000000 0.000000 696.097473
69.000000 1.000000 0.000000 726.097473
70.000000 1.000000 0.000000 756.097473
71.000000 1.000000 0.000000 786.097473
72.000000 1.000000 0.000000 816.097473
73.000000 1.000000 0.000000 846.097473
74.000000 1.000000 0.000000 876.097473
75.000000 1.000000 0.000000 906.097473
76.000000 1.000000 0.000000 936.097473
77.000000 1.000000 0.000000 966.097473
78.000000 1.000000 0.000000 996.097473
79.000000 1.000000 0.000000 1026.097412
80.000000 1.000000 0.000000 1056.097412
81.000000 1.000000 0.000000 1086.097412
82.000000 1.000000 0.000000 1116.097412
83.000000 1.000000 0.000000 1146.097412
84.000000 1.000000 0.000000 1176.097412
85.000000 1.000000 0.000000 1206.097412
86.000000 1.000000 0.000000 1236.097412
87.000000 1.000000 0.000000 1266.097412
88.000000 1.000000 0.000000 1296.097412
89.000000 1.000000 0.000000 1326.097412
90.000000 1.000000 0.000000 1356.097412
91.000000 1.000000 0.000000 1386.097412
92.000000 1.000000 0.000000 1416.097412
93.000000 1.000000 0.000000 1446.097412
94.000000 1.000000 0.000000 1476.097412
95.000000 1.000000 0.000000 1506.097412
96.000000 1.000000 0.000000 1536.097412
97.000000 1.000000 0.000000 1566.097412
98.000000 1.000000 0.000000 1596.097412
99.000000 1.000000 0.000000 1626.097412
# t= 0.500000
0.000000 0.000672 50.000000 0.000000
1.000000 0.000686 49.001377 0.020175
2.000000 0.000701 48.002785 0.040764
3.000000 0.000716 47.004223 0.061786
4.000000 0.000731 46.005692 0.083258
5.000000 0.000748 45.007195 0.105201
6.000000 0.000765 44.008732 0.127635
7.000000 0.000783 43.010303 0.150583
8.000000 0.000802 42.011917 0.174070
9.000000 0.000821 41.013569 0.198120
10.000000 0.000842 40.015259 0.222762
11.000000 0.000864 39.016998 0.248026
12.000000 0.000887 38.018780 0.273943
13.000000 0.000911 37.020611 0.300548
14.000000 0.000937 36.022495 0.327879
15.000000 0.000964 35.024433 0.355977
16.000000 0.000992 34.026428 0.384885
17.000000 0.001023 33.028484 0.414653
18.000000 0.001055 32.030609 0.445331
19.000000 0.001089 31.032801 0.476978
20.000000 0.001126 30.035067 0.509657
21.000000 0.001165 29.037413 0.543438
22.000000 0.001207 28.039843 0.578397
23.000000 0.001253 27.042364 0.614618
24.000000 0.001301 26.044987 0.652198
25.000000 0.001354 25.047714 0.691240
26.000000 0.001411 24.050558 0.731865
27.000000 0.001474 23.053528 0.774204
28.000000 0.001541 22.056635 0.818410
29.000000 0.001616 21.059893 0.864653
30.000000 0.001698 20.063316 0.913130
31.000000 0.001789 19.066925 0.964068
32.000000 0.001890 18.070738 1.017729
33.000000 0.002003 17.074781 1.074420
34.000000 0.002130 16.079082 1.134504
35.000000 0.002275 15.083676 1.198410
36.000000 0.002441 14.088608 1.266657
37.000000 0.002632 13.093927 1.339875
38.000000 0.002856 12.099701 1.418842
39.000000 0.003122 11.106014 1.504536
40.000000 0.003442 10.112975 1.598204
41.000000 0.003835 9.120729 1.701473
42.000000 0.004328 8.129478 1.816526
43.000000 0.004966 7.139507 1.946379
44.000000 0.005902 6.151240 2.095369
45.000000 0.071964 5.150811 2.272869
46.000000 0.964967 0.500650 4.603872
47.000000 1.000000 0.000000 33.771900
48.000000 1.000000 0.000000 63.771900
49.000000 1.000000 0.000000 93.771904
50.000000 1.000000 0.000000 123.771904
51.000000 1.000000 0.000000 153.771896
52.000000 1.000000 0.000000 183.771896
53.000000 1.000000 0.000000 213.771896
54.000000 1.000000 0.000000 243.771896
55.000000 1.000000 0.000000 273.771912
56.000000 1.000000 0.000000 303.771912
57.000000 1.000000 0.000000 333.771912
58.000000 1.000000 0.000000 363.771912
59.000000 1.000000 0.000000 393.771912
60.000000 1.000000 0.000000 423.771912
61.000000 1.000000 0.000000 453.771912
62.000000 1.000000 0.000000 483.771912
63.000000 1.000000 0.000000 513.771912
64.000000 1.000000 0.000000 543.771912
65.000000 1.000000 0.000000 573.771912
66.000000 1.000000 0.000000 603.771912
67.000000 1.000000 0.000000 633.771912
68.000000 1.000000 0.000000 663.771912
69.000000 1.000000 0.000000 693.771912
70.000000 1.000000 0.000000 723.771912
71.000000 1.000000 0.000000 753.771912
72.000000 1.000000 0.000000 783.771912
73.000000 1.000000 0.000000 813.771912
74.000000 1.000000 0.000000 843.771912
75.000000 1.000000 0.000000 873.771912
76.000000 1.000000 0.000000 903.771912
77.000000 1.000000 0.000000 933.771912
78.000000 1.000000 0.000000 963.771912
79.000000 1.000000 0.000000 993.771912
80.000000 1.000000 0.000000 1023.771912
81.000000 1.000000 0.000000 1053.771851
82.000000 1.000000 0.000000 1083.771851
83.000000 1.000000 0.000000 1113.771851
84.000000 1.000000 0.000000 1143.771851
85.000000 1.000000 0.000000 1173.771851
86.000000 1.000000 0.000000 1203.771851
87.000000 1.000000 0.000000 1233.771851
88.000000 1.000000 0.000000 1263.771851
89.000000 1.000000 0.000000 1293.771851
90.000000 1.000000 0.000000 1323.771851
91.000000 1.000000 0.000000 1353.771851
92.000000 1.000000 0.000000 1383.771851
93.000000 1.000000 0.000000 1413.771851
94.000000 1.000000 0.000000 1443.771851
95.000000 1.000000 0.000000 1473.771851
96.000000 1.000000 0.000000 1503.771851
97.000000 1.000000 0.000000 1533.771851
98.000000 1.000000 0.000000 1563.771851
99.000000 1.000000 0.000000 1593.771851
