# t= 0.001000
0.000000 0.950000 50.000000 0.000000
1.000000 1.000000 0.000000 30.000000
2.000000 1.000000 0.000000 60.000000
3.000000 1.000000 0.000000 90.000000
4.000000 1.000000 0.000000 120.000000
5.000000 1.000000 0.000000 150.000000
6.000000 1.000000 0.000000 180.000000
7.000000 1.000000 0.000000 210.000000
8.000000 1.000000 0.000000 240.000000
9.000000 1.000000 0.000000 270.000000
10.000000 1.000000 0.000000 300.000000
11.000000 1.000000 0.000000 330.000000
12.000000 1.000000 0.000000 360.000000
13.000000 1.000000 0.000000 390.000000
14.000000 1.000000 0.000000 420.000000
15.000000 1.000000 0.000000 450.000000
16.000000 1.000000 0.000000 480.000000
17.000000 1.000000 0.000000 510.000000
18.000000 1.000000 0.000000 540.000000
19.000000 1.000000 0.000000 570.000000
20.000000 1.000000 0.000000 600.000000
21.000000 1.000000 0.000000 630.000000
22.000000 1.000000 0.000000 660.000000
23.000000 1.000000 0.000000 690.000000
24.000000 1.000000 0.000000 720.000000
25.000000 1.000000 0.000000 750.000000
26.000000 1.000000 0.000000 780.000000
27.000000 1.000000 0.000000 810.000000
28.000000 1.000000 0.000000 840.000000
29.000000 1.000000 0.000000 870.000000
30.000000 1.000000 0.000000 900.000000
31.000000 1.000000 0.000000 930.000000
32.000000 1.000000 0.000000 960.000000
33.000000 1.000000 0.000000 990.000000
34.000000 1.000000 0.000000 1020.000000
35.000000 1.000000 0.000000 1050.000000
36.000000 1.000000 0.000000 1080.000000
37.000000 1.000000 0.000000 1110.000000
38.000000 1.000000 0.000000 1140.000000
39.000000 1.000000 0.000000 1170.000000
40.000000 1.000000 0.000000 1200.000000
41.000000 1.000000 0.000000 1230.000000
42.000000 1.000000 0.000000 1260.000000
43.000000 1.000000 0.000000 1290.000000
44.000000 1.000000 0.000000 1320.000000
45.000000 1.000000 0.000000 1350.000000
46.000000 1.000000 0.000000 1380.000000
47.000000 1.000000 0.000000 1410.000000
48.000000 1.000000 0.000000 1440.000000
49.000000 1.000000 0.000000 1470.000000
50.000000 1.000000 0.000000 1500.000000
51.000000 1.000000 0.000000 1530.000000
52.000000 1.000000 0.000000 1560.000000
53.000000 1.000000 0.000000 1590.000000
54.000000 1.000000 0.000000 1620.000000
55.000000 1.000000 0.000000 1650.000000
56.000000 1.000000 0.000000 1680.000000
57.000000 1.000000 0.000000 1710.000000
58.000000 1.000000 0.000000 1740.000000
59.000000 1.000000 0.000000 1770.000000
60.000000 1.000000 0.000000 1800.000000
61.000000 1.000000 0.000000 1830.000000
62.000000 1.000000 0.000000 1860.000000
63.000000 1.000000 0.000000 1890.000000
64.000000 1.000000 0.000000 1920.000000
65.000000 1.000000 0.000000 1950.000000
66.000000 1.000000 0.000000 1980.000000
67.000000 1.000000 0.000000 2010.000000
68.000000 1.000000 0.000000 2040.000000
69.000000 1.000000 0.000000 2070.000000
70.000000 1.000000 0.000000 2100.000000
71.000000 1.000000 0.000000 2130.000000
72.000000 1.000000 0.000000 2160.000000
73.000000 1.000000 0.000000 2190.000000
74.000000 1.000000 0.000000 2220.000000
75.000000 1.000000 0.000000 2250.000000
76.000000 1.000000 0.000000 2280.000000
77.000000 1.000000 0.000000 2310.000000
78.000000 1.000000 0.000000 2340.000000
79.000000 1.000000 0.000000 2370.000000
80.000000 1.000000 0.000000 2400.000000
81.000000 1.000000 0.000000 2430.000000
82.000000 1.000000 0.000000 2460.000000
83.000000 1.000000 0.000000 2490.000000
84.000000 1.000000 0.000000 2520.000000
85.000000 1.000000 0.000000 2550.000000
86.000000 1.000000 0.000000 2580.000000
87.000000 1.000000 0.000000 2610.000000
88.000000 1.000000 0.000000 2640.000000
89.000000 1.000000 0.000000 2670.000000
90.000000 1.000000 0.000000 2700.000000
91.000000 1.000000 0.000000 2730.000000
92.000000 1.000000 0.000000 2760.000000
93.000000 1.000000 0.000000 2790.000000
94.000000 1.000000 0.000000 2820.000000
95.000000 1.000000 0.000000 2850.000000
96.000000 1.000000 0.000000 2880.000000
97.000000 1.000000 0.000000 2910.000000
98.000000 1.000000 0.000000 2940.000000
99.000000 1.000000 0.000000 2970.000000
# t= 0.500000
0.000000 0.000673 50.000000 0.000000
1.000000 0.000686 49.001343 0.020175
2.000000 0.000701 48.002716 0.040765
3.000000 0.000716 47.004116 0.061788
4.000000 0.000731 46.005550 0.083261
5.000000 0.000748 45.007011 0.105205
6.000000 0.000765 44.008507 0.127640
7.000000 0.000783 43.010036 0.150590
8.000000 0.000802 42.011600 0.174077
9.000000 0.000821 41.013203 0.198129
10.000000 0.000842 40.014847 0.222772
11.000000 0.000864 39.016529 0.248038
12.000000 0.000887 38.018257 0.273957
13.000000 0.000911 37.020031 0.300564
14.000000 0.000937 36.021851 0.327897
15.000000 0.000964 35.023724 0.355997
16.000000 0.000992 34.025650 0.384908
17.000000 0.001023 33.027634 0.414678
18.000000 0.001055 32.029678 0.445360
19.000000 0.233011 31.031788 0.477011
20.000000 0.999981 0.011451 8.381682
21.000000 1.000000 0.000000 38.381454
22.000000 1.000000 0.000000 68.381454
23.000000 1.000000 0.000000 98.381454
24.000000 1.000000 0.000000 128.381454
25.000000 1.000000 0.000000 158.381454
26.000000 1.000000 0.000000 188.381454
27.000000 1.000000 0.000000 218.381454
28.000000 1.000000 0.000000 248.381454
29.000000 1.000000 0.000000 278.381439
30.000000 1.000000 0.000000 308.381439
31.000000 1.000000 0.000000 338.381439
32.000000 1.000000 0.000000 368.381439
33.000000 1.000000 0.000000 398.381439
34.000000 1.000000 0.000000 428.381439
35.000000 1.000000 0.000000 458.381439
36.000000 1.000000 0.000000 488.381439
37.000000 1.000000 0.000000 518.381470
38.000000 1.000000 0.000000 548.381470
39.000000 1.000000 0.000000 578.381470
40.000000 1.000000 0.000000 608.381470
41.000000 1.000000 0.000000 638.381470
42.000000 1.000000 0.000000 668.381470
43.000000 1.000000 0.000000 698.381470
44.000000 1.000000 0.000000 728.381470
45.000000 1.000000 0.000000 758.381470
46.000000 1.000000 0.000000 788.381470
47.000000 1.000000 0.000000 818.381470
48.000000 1.000000 0.000000 848.381470
49.000000 1.000000 0.000000 878.381470
50.000000 1.000000 0.000000 908.381470
51.000000 1.000000 0.000000 938.381470
52.000000 1.000000 0.000000 968.381470
53.000000 1.000000 0.000000 998.381470
54.000000 1.000000 0.000000 1028.381470
55.000000 1.000000 0.000000 1058.381470
56.000000 1.000000 0.000000 1088.381470
57.000000 1.000000 0.000000 1118.381470
58.000000 1.000000 0.000000 1148.381470
59.000000 1.000000 0.000000 1178.381470
60.000000 1.000000 0.000000 1208.381470
61.000000 1.000000 0.000000 1238.381470
62.000000 1.000000 0.000000 1268.381470
63.000000 1.000000 0.000000 1298.381470
64.000000 1.000000 0.000000 1328.381470
65.000000 1.000000 0.000000 1358.381470
66.000000 1.000000 0.000000 1388.381470
67.000000 1.000000 0.000000 1418.381470
68.000000 1.000000 0.000000 1448.381470
69.000000 1.000000 0.000000 1478.381470
70.000000 1.000000 0.000000 1508.381470
71.000000 1.000000 0.000000 1538.381470
72.000000 1.000000 0.000000 1568.381470
73.000000 1.000000 0.000000 1598.381470
74.000000 1.000000 0.000000 1628.381470
75.000000 1.000000 0.000000 1658.381470
76.000000 1.000000 0.000000 1688.381470
77.000000 1.000000 0.000000 1718.381470
78.000000 1.000000 0.000000 1748.381470
79.000000 1.000000 0.000000 1778.381470
80.000000 1.000000 0.000000 1808.381470
81.000000 1.000000 0.000000 1838.381470
82.000000 1.000000 0.000000 1868.381470
83.000000 1.000000 0.000000 1898.381470
84.000000 1.000000 0.000000 1928.381470
85.000000 1.000000 0.000000 1958.381470
86.000000 1.000000 0.000000 1988.381470
87.000000 1.000000 0.000000 2018.381470
88.000000 1.000000 0.000000 2048.381348
89.000000 1.000000 0.000000 2078.381348
90.000000 1.000000 0.000000 2108.381348
91.000000 1.000000 0.000000 2138.381348
92.000000 1.000000 0.000000 2168.381348
93.000000 1.000000 0.000000 2198.381348
94.000000 1.000000 0.000000 2228.381348
95.000000 1.000000 0.000000 2258.381348
96.000000 1.000000 0.000000 2288.381348
97.000000 1.000000 0.000000 2318.381348
98.000000 1.000000 0.000000 2348.381348
99.000000 1.000000 0.000000 2378.381348
# t= 1.000000
0.000000 0.000673 50.000000 0.000000
1.000000 0.000686 49.001343 0.020175
2.000000 0.000701 48.002716 0.040765
3.000000 0.000716 47.004116 0.061788
4.000000 0.000731 46.005550 0.083261
5.000000 0.000748 45.007011 0.105205
6.000000 0.000765 44.008507 0.127640
7.000000 0.000783 43.010036 0.150590
8.000000 0.000802 42.011600 0.174077
9.000000 0.000821 41.013203 0.198129
10.000000 0.000842 40.014847 0.222772
11.000000 0.000864 39.016529 0.248038
12.000000 0.000887 38.018257 0.273957
13.000000 0.000911 37.020031 0.300564
14.000000 0.000937 36.021851 0.327897
15.000000 0.000964 35.023724 0.355997
16.000000 0.000992 34.025650 0.384908
17.000000 0.001023 33.027634 0.414678
18.000000 0.001055 32.029678 0.445360
19.000000 0.001089 31.031788 0.477011
20.000000 0.001126 30.033964 0.509694
21.000000 0.001165 29.036217 0.543479
22.000000 0.001208 28.038546 0.578443
23.000000 0.001253 27.040958 0.614670
24.000000 0.001302 26.043463 0.652256
25.000000 0.001354 25.046064 0.691306
26.000000 0.001412 24.048773 0.731939
27.000000 0.001474 23.051594 0.774288
28.000000 0.001542 22.054539 0.818505
29.000000 0.001616 21.057621 0.864761
30.000000 0.001699 20.060850 0.913253
31.000000 0.233285 19.064245 0.964208
32.000000 0.999977 0.009996 8.517578
33.000000 1.000000 0.000000 38.517174
34.000000 1.000000 0.000000 68.517174
35.000000 1.000000 0.000000 98.517174
36.000000 1.000000 0.000000 128.517181
37.000000 1.000000 0.000000 158.517181
38.000000 1.000000 0.000000 188.517181
39.000000 1.000000 0.000000 218.517181
40.000000 1.000000 0.000000 248.517181
41.000000 1.000000 0.000000 278.517181
42.000000 1.000000 0.000000 308.517181
43.000000 1.000000 0.000000 338.517181
44.000000 1.000000 0.000000 368.517181
45.000000 1.000000 0.000000 398.517181
46.000000 1.000000 0.000000 428.517181
47.000000 1.000000 0.000000 458.517181
48.000000 1.000000 0.000000 488.517181
49.000000 1.000000 0.000000 518.517151
50.000000 1.000000 0.000000 548.517151
51.000000 1.000000 0.000000 578.517151
52.000000 1.000000 0.000000 608.517151
53.000000 1.000000 0.000000 638.517151
54.000000 1.000000 0.000000 668.517151
55.000000 1.000000 0.000000 698.517151
56.000000 1.000000 0.000000 728.517151
57.000000 1.000000 0.000000 758.517151
58.000000 1.000000 0.000000 788.517151
59.000000 1.000000 0.000000 818.517151
60.000000 1.000000 0.000000 848.517151
61.000000 1.000000 0.000000 878.517151
62.000000 1.000000 0.000000 908.517151
63.000000 1.000000 0.000000 938.517151
64.000000 1.000000 0.000000 968.517151
65.000000 1.000000 0.000000 998.517151
66.000000 1.000000 0.000000 1028.517212
67.000000 1.000000 0.000000 1058.517212
68.000000 1.000000 0.000000 1088.517212
69.000000 1.000000 0.000000 1118.517212
70.000000 1.000000 0.000000 1148.517212
71.000000 1.000000 0.000000 1178.517212
72.000000 1.000000 0.000000 1208.517212
73.000000 1.000000 0.000000 1238.517212
74.000000 1.000000 0.000000 1268.517212
75.000000 1.000000 0.000000 1298.517212
76.000000 1.000000 0.000000 1328.517212
77.000000 1.000000 0.000000 1358.517212
78.000000 1.000000 0.000000 1388.517212
79.000000 1.000000 0.000000 1418.517212
80.000000 1.000000 0.000000 1448.517212
81.000000 1.000000 0.000000 1478.517212
82.000000 1.000000 0.000000 1508.517212
83.000000 1.000000 0.000000 1538.517212
84.000000 1.000000 0.000000 1568.517212
85.000000 1.000000 0.000000 1598.517212
86.000000 1.000000 0.000000 1628.517212
87.000000 1.000000 0.000000 1658.517212
88.000000 1.000000 0.000000 1688.517212
89.000000 1.000000 0.000000 1718.517212
90.000000 1.000000 0.000000 1748.517212
91.000000 1.000000 0.000000 1778.517212
92.000000 1.000000 0.000000 1808.517212
93.000000 1.000000 0.000000 1838.517212
94.000000 1.000000 0.000000 1868.517212
95.000000 1.000000 0.000000 1898.517212
96.000000 1.000000 0.000000 1928.517212
97.000000 1.000000 0.000000 1958.517212
98.000000 1.000000 0.000000 1988.517212
99.000000 1.000000 0.000000 2018.517212
# t= 1.501000
0.000000 0.000673 50.000000 0.000000
1.000000 0.000686 49.001343 0.020175
2.000000 0.000701 48.002716 0.040765
3.000000 0.000716 47.004116 0.061788
4.000000 0.000731 46.005550 0.083261
5.000000 0.000748 45.007011 0.105205
6.000000 0.000765 44.008507 0.127640
7.000000 0.000783 43.010036 0.150590
8.000000 0.000802 42.011600 0.174077
9.000000 0.000821 41.013203 0.198129
10.000000 0.000842 40.014847 0.222772
11.000000 0.000864 39.016529 0.248038
12.000000 0.000887 38.018257 0.273957
13.000000 0.000911 37.020031 0.300564
14.000000 0.000937 36.021851 0.327897
15.000000 0.000964 35.023724 0.355997
16.000000 0.000992 34.025650 0.384908
17.000000 0.001023 33.027634 0.414678
18.000000 0.001055 32.029678 0.445360
19.000000 0.001089 31.031788 0.477011
20.000000 0.001126 30.033964 0.509694
21.000000 0.001165 29.036217 0.543479
22.000000 0.001208 28.038546 0.578443
23.000000 0.001253 27.040958 0.614670
24.000000 0.001302 26.043463 0.652256
25.000000 0.001354 25.046064 0.691306
26.000000 0.001412 24.048773 0.731939
27.000000 0.001474 23.051594 0.774288
28.000000 0.001542 22.054539 0.818505
29.000000 0.001616 21.057621 0.864761
30.000000 0.001699 20.060850 0.913253
31.000000 0.001789 19.064245 0.964208
32.000000 0.001891 18.067820 1.017891
33.000000 0.002004 17.071598 1.074607
34.000000 0.002131 16.075602 1.134720
35.000000 0.002276 15.079860 1.198663
36.000000 0.002442 14.084407 1.266955
37.000000 0.002635 13.089286 1.340229
38.000000 0.005548 12.094548 1.419268
39.000000 0.929896 9.865499 1.622979
40.000000 1.000000 0.000000 29.815723
41.000000 1.000000 0.000000 59.815723
42.000000 1.000000 0.000000 89.815727
43.000000 1.000000 0.000000 119.815727
44.000000 1.000000 0.000000 149.815720
45.000000 1.000000 0.000000 179.815720
46.000000 1.000000 0.000000 209.815720
47.000000 1.000000 0.000000 239.815720
48.000000 1.000000 0.000000 269.815735
49.000000 1.000000 0.000000 299.815735
50.000000 1.000000 0.000000 329.815735
51.000000 1.000000 0.000000 359.815735
52.000000 1.000000 0.000000 389.815735
53.000000 1.000000 0.000000 419.815735
54.000000 1.000000 0.000000 449.815735
55.000000 1.000000 0.000000 479.815735
56.000000 1.000000 0.000000 509.815735
57.000000 1.000000 0.000000 539.815735
58.000000 1.000000 0.000000 569.815735
59.000000 1.000000 0.000000 599.815735
60.000000 1.000000 0.000000 629.815735
61.000000 1.000000 0.000000 659.815735
62.000000 1.000000 0.000000 689.815735
63.000000 1.000000 0.000000 719.815735
64.000000 1.000000 0.000000 749.815735
65.000000 1.000000 0.000000 779.815735
66.000000 1.000000 0.000000 809.815735
67.000000 1.000000 0.000000 839.815735
68.000000 1.000000 0.000000 869.815735
69.000000 1.000000 0.000000 899.815735
70.000000 1.000000 0.000000 929.815735
71.000000 1.000000 0.000000 959.815735
72.000000 1.000000 0.000000 989.815735
73.000000 1.000000 0.000000 1019.815735
74.000000 1.000000 0.000000 1049.815674
75.000000 1.000000 0.000000 1079.815674
76.000000 1.000000 0.000000 1109.815674
77.000000 1.000000 0.000000 1139.815674
78.000000 1.000000 0.000000 1169.815674
79.000000 1.000000 0.000000 1199.815674
80.000000 1.000000 0.000000 1229.815674
81.000000 1.000000 0.000000 1259.815674
82.000000 1.000000 0.000000 1289.815674
83.000000 1.000000 0.000000 1319.815674
84.000000 1.000000 0.000000 1349.815674
85.000000 1.000000 0.000000 1379.815674
86.000000 1.000000 0.000000 1409.815674
87.000000 1.000000 0.000000 1439.815674
88.000000 1.000000 0.000000 1469.815674
89.000000 1.000000 0.000000 1499.815674
90.000000 1.000000 0.000000 1529.815674
91.000000 1.000000 0.000000 1559.815674
92.000000 1.000000 0.000000 1589.815674
93.000000 1.000000 0.000000 1619.815674
94.000000 1.000000 0.000000 1649.815674
95.000000 1.000000 0.000000 1679.815674
96.000000 1.000000 0.000000 1709.815674
97.000000 1.000000 0.000000 1739.815674
98.000000 1.000000 0.000000 1769.815674
99.000000 1.000000 0.000000 1799.815674
# t= 2.001000
0.000000 0.000673 50.000000 0.000000
1.000000 0.000686 49.001343 0.020175
2.000000 0.000701 48.002716 0.040765
3.000000 0.000716 47.004116 0.061788
4.000000 0.000731 46.005550 0.083261
5.000000 0.000748 45.007011 0.105205
6.000000 0.000765 44.008507 0.127640
7.000000 0.000783 43.010036 0.150590
8.000000 0.000802 42.011600 0.174077
9.000000 0.000821 41.013203 0.198129
10.000000 0.000842 40.014847 0.222772
11.000000 0.000864 39.016529 0.248038
12.000000 0.000887 38.018257 0.273957
13.000000 0.000911 37.020031 0.300564
14.000000 0.000937 36.021851 0.327897
15.000000 0.000964 35.023724 0.355997
16.000000 0.000992 34.025650 0.384908
17.000000 0.001023 33.027634 0.414678
18.000000 0.001055 32.029678 0.445360
19.000000 0.001089 31.031788 0.477011
20.000000 0.001126 30.033964 0.509694
21.000000 0.001165 29.036217 0.543479
22.000000 0.001208 28.038546 0.578443
23.000000 0.001253 27.040958 0.614670
24.000000 0.001302 26.043463 0.652256
25.000000 0.001354 25.046064 0.691306
26.000000 0.001412 24.048773 0.731939
27.000000 0.001474 23.051594 0.774288
28.000000 0.001542 22.054539 0.818505
29.000000 0.001616 21.057621 0.864761
30.000000 0.001699 20.060850 0.913253
31.000000 0.001789 19.064245 0.964208
32.000000 0.001891 18.067820 1.017891
33.000000 0.002004 17.071598 1.074607
34.000000 0.002131 16.075602 1.134720
35.000000 0.002276 15.079860 1.198663
36.000000 0.002442 14.084407 1.266955
37.000000 0.002635 13.089286 1.340229
38.000000 0.002860 12.094548 1.419268
39.000000 0.003126 11.100260 1.505054
40.000000 0.003448 10.106503 1.598844
41.000000 0.003843 9.113386 1.702279
42.000000 0.004340 8.121057 1.817563
43.000000 0.504899 7.129717 1.947752
44.000000 1.000000 0.000002 17.301460
45.000000 1.000000 0.000000 47.301460
46.000000 1.000000 0.000000 77.301460
47.000000 1.000000 0.000000 107.301460
48.000000 1.000000 0.000000 137.301453
49.000000 1.000000 0.000000 167.301453
50.000000 1.000000 0.000000 197.301453
51.000000 1.000000 0.000000 227.301453
52.000000 1.000000 0.000000 257.301453
53.000000 1.000000 0.000000 287.301453
54.000000 1.000000 0.000000 317.301453
55.000000 1.000000 0.000000 347.301453
56.000000 1.000000 0.000000 377.301453
57.000000 1.000000 0.000000 407.301453
58.000000 1.000000 0.000000 437.301453
59.000000 1.000000 0.000000 467.301453
60.000000 1.000000 0.000000 497.301453
61.000000 1.000000 0.000000 527.301453
62.000000 1.000000 0.000000 557.301453
63.000000 1.000000 0.000000 587.301453
64.000000 1.000000 0.000000 617.301453
65.000000 1.000000 0.000000 647.301453
66.000000 1.000000 0.000000 677.301453
67.000000 1.000000 0.000000 707.301453
68.000000 1.000000 0.000000 737.301453
69.000000 1.000000 0.000000 767.301453
70.000000 1.000000 0.000000 797.301453
71.000000 1.000000 0.000000 827.301453
72.000000 1.000000 0.000000 857.301453
73.000000 1.000000 0.000000 887.301453
74.000000 1.000000 0.000000 917.301453
75.000000 1.000000 0.000000 947.301453
76.000000 1.000000 0.000000 977.301453
77.000000 1.000000 0.000000 1007.301453
78.000000 1.000000 0.000000 1037.301514
79.000000 1.000000 0.000000 1067.301514
80.000000 1.000000 0.000000 1097.301514
81.000000 1.000000 0.000000 1127.301514
82.000000 1.000000 0.000000 1157.301514
83.000000 1.000000 0.000000 1187.301514
84.000000 1.000000 0.000000 1217.301514
85.000000 1.000000 0.000000 1247.301514
86.000000 1.000000 0.000000 1277.301514
87.000000 1.000000 0.000000 1307.301514
88.000000 1.000000 0.000000 1337.301514
89.000000 1.000000 0.000000 1367.301514
90.000000 1.000000 0.000000 1397.301514
91.000000 1.000000 0.000000 1427.301514
92.000000 1.000000 0.000000 1457.301514
93.000000 1.000000 0.000000 1487.301514
94.000000 1.000000 0.000000 1517.301514
95.000000 1.000000 0.000000 1547.301514
96.000000 1.000000 0.000000 1577.301514
97.000000 1.000000 0.000000 1607.301514
98.000000 1.000000 0.000000 1637.301514
99.000000 1.000000 0.000000 1667.301514
# t= 2.501000
0.000000 0.000673 50.000000 0.000000
1.000000 0.000686 49.001343 0.020175
2.000000 0.000701 48.002716 0.040765
3.000000 0.000716 47.004116 0.061788
4.000000 0.000731 46.005550 0.083261
5.000000 0.000748 45.007011 0.105205
6.000000 0.000765 44.008507 0.127640
7.000000 0.000783 43.010036 0.150590
8.000000 0.000802 42.011600 0.174077
9.000000 0.000821 41.013203 0.198129
10.000000 0.000842 40.014847 0.222772
11.000000 0.000864 39.016529 0.248038
12.000000 0.000887 38.018257 0.273957
13.000000 0.000911 37.020031 0.300564
14.000000 0.000937 36.021851 0.327897
15.000000 0.000964 35.023724 0.355997
16.000000 0.000992 34.025650 0.384908
17.000000 0.001023 33.027634 0.414678
18.000000 0.001055 32.029678 0.445360
19.000000 0.001089 31.031788 0.477011
20.000000 0.001126 30.033964 0.509694
21.000000 0.001165 29.036217 0.543479
22.000000 0.001208 28.038546 0.578443
23.000000 0.001253 27.040958 0.614670
24.000000 0.001302 26.043463 0.652256
25.000000 0.001354 25.046064 0.691306
26.000000 0.001412 24.048773 0.731939
27.000000 0.001474 23.051594 0.774288
28.000000 0.001542 22.054539 0.818505
29.000000 0.001616 21.057621 0.864761
30.000000 0.001699 20.060850 0.913253
31.000000 0.001789 19.064245 0.964208
32.000000 0.001891 18.067820 1.017891
33.000000 0.002004 17.071598 1.074607
34.000000 0.002131 16.075602 1.134720
35.000000 0.002276 15.079860 1.198663
36.000000 0.002442 14.084407 1.266955
37.000000 0.002635 13.089286 1.340229
38.000000 0.002860 12.094548 1.419268
39.000000 0.003126 11.100260 1.505054
40.000000 0.003448 10.106503 1.598844
41.000000 0.003843 9.113386 1.702279
42.000000 0.004340 8.121057 1.817563
43.000000 0.004983 7.129717 1.947751
44.000000 0.005851 6.139659 2.097254
45.000000 0.007145 5.151326 2.272769
46.000000 0.808806 4.156348 2.487386
47.000000 1.000000 0.000000 26.875204
48.000000 1.000000 0.000000 56.875202
49.000000 1.000000 0.000000 86.875206
50.000000 1.000000 0.000000 116.875206
51.000000 1.000000 0.000000 146.875198
52.000000 1.000000 0.000000 176.875198
53.000000 1.000000 0.000000 206.875198
54.000000 1.000000 0.000000 236.875198
55.000000 1.000000 0.000000 266.875214
56.000000 1.000000 0.000000 296.875214
57.000000 1.000000 0.000000 326.875214
58.000000 1.000000 0.000000 356.875214
59.000000 1.000000 0.000000 386.875214
60.000000 1.000000 0.000000 416.875214
61.000000 1.000000 0.000000 446.875214
62.000000 1.000000 0.000000 476.875214
63.000000 1.000000 0.000000 506.875214
64.000000 1.000000 0.000000 536.875183
65.000000 1.000000 0.000000 566.875183
66.000000 1.000000 0.000000 596.875183
67.000000 1.000000 0.000000 626.875183
68.000000 1.000000 0.000000 656.875183
69.000000 1.000000 0.000000 686.875183
70.000000 1.000000 0.000000 716.875183
71.000000 1.000000 0.000000 746.875183
72.000000 1.000000 0.000000 776.875183
73.000000 1.000000 0.000000 806.875183
74.000000 1.000000 0.000000 836.875183
75.000000 1.000000 0.000000 866.875183
76.000000 1.000000 0.000000 896.875183
77.000000 1.000000 0.000000 926.875183
78.000000 1.000000 0.000000 956.875183
79.000000 1.000000 0.000000 986.875183
80.000000 1.000000 0.000000 1016.875183
81.000000 1.000000 0.000000 1046.875244
82.000000 1.000000 0.000000 1076.875244
83.000000 1.000000 0.000000 1106.875244
84.000000 1.000000 0.000000 1136.875244
85.000000 1.000000 0.000000 1166.875244
86.000000 1.000000 0.000000 1196.875244
87.000000 1.000000 0.000000 1226.875244
88.000000 1.000000 0.000000 1256.875244
89.000000 1.000000 0.000000 1286.875244
90.000000 1.000000 0.000000 1316.875244
91.000000 1.000000 0.000000 1346.875244
92.000000 1.000000 0.000000 1376.875244
93.000000 1.000000 0.000000 1406.875244
94.000000 1.000000 0.000000 1436.875244
95.000000 1.000000 0.000000 1466.875244
96.000000 1.000000 0.000000 1496.875244
97.000000 1.000000 0.000000 1526.875244
98.000000 1.000000 0.000000 1556.875244
99.000000 1.000000 0.000000 1586.875244
# t= 3.001000
0.000000 0.000673 50.000000 0.000000
1.000000 0.000686 49.001343 0.020175
2.000000 0.000701 48.002716 0.040765
3.000000 0.000716 47.004116 0.061788
4.000000 0.000731 46.005550 0.083261
5.000000 0.000748 45.007011 0.105205
6.000000 0.000765 44.008507 0.127640
7.000000 0.000783 43.010036 0.150590
8.000000 0.000802 42.011600 0.174077
9.000000 0.000821 41.013203 0.198129
10.000000 0.000842 40.014847 0.222772
11.000000 0.000864 39.016529 0.248038
12.000000 0.000887 38.018257 0.273957
13.000000 0.000911 37.020031 0.300564
14.000000 0.000937 36.021851 0.327897
15.000000 0.000964 35.023724 0.355997
16.000000 0.000992 34.025650 0.384908
17.000000 0.001023 33.027634 0.414678
18.000000 0.001055 32.029678 0.445360
19.000000 0.001089 31.031788 0.477011
20.000000 0.001126 30.033964 0.509694
21.000000 0.001165 29.036217 0.543479
22.000000 0.001208 28.038546 0.578443
23.000000 0.001253 27.040958 0.614670
24.000000 0.001302 26.043463 0.652256
25.000000 0.001354 25.046064 0.691306
26.000000 0.001412 24.048773 0.731939
27.000000 0.001474 23.051594 0.774288
28.000000 0.001542 22.054539 0.818505
29.000000 0.001616 21.057621 0.864761
30.000000 0.001699 20.060850 0.913253
31.000000 0.001789 19.064245 0.964208
32.000000 0.001891 18.067820 1.017891
33.000000 0.002004 17.071598 1.074607
34.000000 0.002131 16.075602 1.134720
35.000000 0.002276 15.079860 1.198663
36.000000 0.002442 14.084407 1.266955
37.000000 0.002635 13.089286 1.340229
38.000000 0.002860 12.094548 1.419268
39.000000 0.003126 11.100260 1.505054
40.000000 0.003448 10.106503 1.598844
41.000000 0.003843 9.113386 1.702279
42.000000 0.004340 8.121057 1.817563
43.000000 0.004983 7.129717 1.947751
44.000000 0.005851 6.139659 2.097254
45.000000 0.007081 5.151326 2.272769
46.000000 0.008964 4.165438 2.485202
47.000000 0.159582 3.183285 2.754109
48.000000 0.999662 0.024644 7.615265
49.000000 1.000000 0.000000 37.605865
50.000000 1.000000 0.000000 67.605865
51.000000 1.000000 0.000000 97.605865
52.000000 1.000000 0.000000 127.605865
53.000000 1.000000 0.000000 157.605865
54.000000 1.000000 0.000000 187.605865
55.000000 1.000000 0.000000 217.605865
56.000000 1.000000 0.000000 247.605865
57.000000 1.000000 0.000000 277.605865
58.000000 1.000000 0.000000 307.605865
59.000000 1.000000 0.000000 337.605865
60.000000 1.000000 0.000000 367.605865
61.000000 1.000000 0.000000 397.605865
62.000000 1.000000 0.000000 427.605865
63.000000 1.000000 0.000000 457.605865
64.000000 1.000000 0.000000 487.605865
65.000000 1.000000 0.000000 517.605835
66.000000 1.000000 0.000000 547.605835
67.000000 1.000000 0.000000 577.605835
68.000000 1.000000 0.000000 607.605835
69.000000 1.000000 0.000000 637.605835
70.000000 1.000000 0.000000 667.605835
71.000000 1.000000 0.000000 697.605835
72.000000 1.000000 0.000000 727.605835
73.000000 1.000000 0.000000 757.605835
74.000000 1.000000 0.000000 787.605835
75.000000 1.000000 0.000000 817.605835
76.000000 1.000000 0.000000 847.605835
77.000000 1.000000 0.000000 877.605835
78.000000 1.000000 0.000000 907.605835
79.000000 1.000000 0.000000 937.605835
80.000000 1.000000 0.000000 967.605835
81.000000 1.000000 0.000000 997.605835
82.000000 1.000000 0.000000 1027.605835
83.000000 1.000000 0.000000 1057.605835
84.000000 1.000000 0.000000 1087.605835
85.000000 1.000000 0.000000 1117.605835
86.000000 1.000000 0.000000 1147.605835
87.000000 1.000000 0.000000 1177.605835
88.000000 1.000000 0.000000 1207.605835
89.000000 1.000000 0.000000 1237.605835
90.000000 1.000000 0.000000 1267.605835
91.000000 1.000000 0.000000 1297.605835
92.000000 1.000000 0.000000 1327.605835
93.000000 1.000000 0.000000 1357.605835
94.000000 1.000000 0.000000 1387.605835
95.000000 1.000000 0.000000 1417.605835
96.000000 1.000000 0.000000 1447.605835
97.000000 1.000000 0.000000 1477.605835
98.000000 1.000000 0.000000 1507.605835
99.000000 1.000000 0.000000 1537.605835
# t= 3.501000
0.000000 0.000673 50.000000 0.000000
1.000000 0.000686 49.001343 0.020175
2.000000 0.000701 48.002716 0.040765
3.000000 0.000716 47.004116 0.061788
4.000000 0.000731 46.005550 0.083261
5.000000 0.000748 45.007011 0.105205
6.000000 0.000765 44.008507 0.127640
7.000000 0.000783 43.010036 0.150590
8.000000 0.000802 42.011600 0.174077
9.000000 0.000821 41.013203 0.198129
10.000000 0.000842 40.014847 0.222772
11.000000 0.000864 39.016529 0.248038
12.000000 0.000887 38.018257 0.273957
13.000000 0.000911 37.020031 0.300564
14.000000 0.000937 36.021851 0.327897
15.000000 0.000964 35.023724 0.355997
16.000000 0.000992 34.025650 0.384908
17.000000 0.001023 33.027634 0.414678
18.000000 0.001055 32.029678 0.445360
19.000000 0.001089 31.031788 0.477011
20.000000 0.001126 30.033964 0.509694
21.000000 0.001165 29.036217 0.543479
22.000000 0.001208 28.038546 0.578443
23.000000 0.001253 27.040958 0.614670
24.000000 0.001302 26.043463 0.652256
25.000000 0.001354 25.046064 0.691306
26.000000 0.001412 24.048773 0.731939
27.000000 0.001474 23.051594 0.774288
28.000000 0.001542 22.054539 0.818505
29.000000 0.001616 21.057621 0.864761
30.000000 0.001699 20.060850 0.913253
31.000000 0.001789 19.064245 0.964208
32.000000 0.001891 18.067820 1.017891
33.000000 0.002004 17.071598 1.074607
34.000000 0.002131 16.075602 1.134720
35.000000 0.002276 15.079860 1.198663
36.000000 0.002442 14.084407 1.266955
37.000000 0.002635 13.089286 1.340229
38.000000 0.002860 12.094548 1.419268
39.000000 0.003126 11.100260 1.505054
40.000000 0.003448 10.106503 1.598844
41.000000 0.003843 9.113386 1.702279
42.000000 0.004340 8.121057 1.817563
43.000000 0.004983 7.129717 1.947751
44.000000 0.005851 6.139659 2.097254
45.000000 0.007081 5.151326 2.272769
46.000000 0.008964 4.165438 2.485202
47.000000 0.012201 3.183285 2.754109
48.000000 0.150186 2.207538 3.120145
49.000000 0.999480 0.023339 7.669660
50.000000 1.000000 0.000000 37.654755
51.000000 1.000000 0.000000 67.654755
52.000000 1.000000 0.000000 97.654755
53.000000 1.000000 0.000000 127.654755
54.000000 1.000000 0.000000 157.654755
55.000000 1.000000 0.000000 187.654755
56.000000 1.000000 0.000000 217.654755
57.000000 1.000000 0.000000 247.654755
58.000000 1.000000 0.000000 277.654755
59.000000 1.000000 0.000000 307.654755
60.000000 1.000000 0.000000 337.654755
61.000000 1.000000 0.000000 367.654755
62.000000 1.000000 0.000000 397.654755
63.000000 1.000000 0.000000 427.654755
64.000000 1.000000 0.000000 457.654755
65.000000 1.000000 0.000000 487.654755
66.000000 1.000000 0.000000 517.654724
67.000000 1.000000 0.000000 547.654724
68.000000 1.000000 0.000000 577.654724
69.000000 1.000000 0.000000 607.654724
70.000000 1.000000 0.000000 637.654724
71.000000 1.000000 0.000000 667.654724
72.000000 1.000000 0.000000 697.654724
73.000000 1.000000 0.000000 727.654724
74.000000 1.000000 0.000000 757.654724
75.000000 1.000000 0.000000 787.654724
76.000000 1.000000 0.000000 817.654724
77.000000 1.000000 0.000000 847.654724
78.000000 1.000000 0.000000 877.654724
79.000000 1.000000 0.000000 907.654724
80.000000 1.000000 0.000000 937.654724
81.000000 1.000000 0.000000 967.654724
82.000000 1.000000 0.000000 997.654724
83.000000 1.000000 0.000000 1027.654785
84.000000 1.000000 0.000000 1057.654785
85.000000 1.000000 0.000000 1087.654785
86.000000 1.000000 0.000000 1117.654785
87.000000 1.000000 0.000000 1147.654785
88.000000 1.000000 0.000000 1177.654785
89.000000 1.000000 0.000000 1207.654785
90.000000 1.000000 0.000000 1237.654785
91.000000 1.000000 0.000000 1267.654785
92.000000 1.000000 0.000000 1297.654785
93.000000 1.000000 0.000000 1327.654785
94.000000 1.000000 0.000000 1357.654785
95.000000 1.000000 0.000000 1387.654785
96.000000 1.000000 0.000000 1417.654785
97.000000 1.000000 0.000000 1447.654785
98.000000 1.000000 0.000000 1477.654785
99.000000 1.000000 0.000000 1507.654785
# t= 4.001000
0.000000 0.000673 50.000000 0.000000
1.000000 0.000686 49.001343 0.020175
2.000000 0.000701 48.002716 0.040765
3.000000 0.000716 47.004116 0.061788
4.000000 0.000731 46.005550 0.083261
5.000000 0.000748 45.007011 0.105205
6.000000 0.000765 44.008507 0.127640
7.000000 0.000783 43.010036 0.150590
8.000000 0.000802 42.011600 0.174077
9.000000 0.000821 41.013203 0.198129
10.000000 0.000842 40.014847 0.222772
11.000000 0.000864 39.016529 0.248038
12.000000 0.000887 38.018257 0.273957
13.000000 0.000911 37.020031 0.300564
14.000000 0.000937 36.021851 0.327897
15.000000 0.000964 35.023724 0.355997
16.000000 0.000992 34.025650 0.384908
17.000000 0.001023 33.027634 0.414678
18.000000 0.001055 32.029678 0.445360
19.000000 0.001089 31.031788 0.477011
20.000000 0.001126 30.033964 0.509694
21.000000 0.001165 29.036217 0.543479
22.000000 0.001208 28.038546 0.578443
23.000000 0.001253 27.040958 0.614670
24.000000 0.001302 26.043463 0.652256
25.000000 0.001354 25.046064 0.691306
26.000000 0.001412 24.048773 0.731939
27.000000 0.001474 23.051594 0.774288
28.000000 0.001542 22.054539 0.818505
29.000000 0.001616 21.057621 0.864761
30.000000 0.001699 20.060850 0.913253
31.000000 0.001789 19.064245 0.964208
32.000000 0.001891 18.067820 1.017891
33.000000 0.002004 17.071598 1.074607
34.000000 0.002131 16.075602 1.134720
35.000000 0.002276 15.079860 1.198663
36.000000 0.002442 14.084407 1.266955
37.000000 0.002635 13.089286 1.340229
38.000000 0.002860 12.094548 1.419268
39.000000 0.003126 11.100260 1.505054
40.000000 0.003448 10.106503 1.598844
41.000000 0.003843 9.113386 1.702279
42.000000 0.004340 8.121057 1.817563
43.000000 0.004983 7.129717 1.947751
44.000000 0.005851 6.139659 2.097254
45.000000 0.007081 5.151326 2.272769
46.000000 0.008964 4.165438 2.485202
47.000000 0.012201 3.183285 2.754109
48.000000 0.019082 2.207538 3.120145
49.000000 0.526061 1.245339 3.692615
50.000000 1.000000 0.000000 19.505081
51.000000 1.000000 0.000000 49.505081
52.000000 1.000000 0.000000 79.505081
53.000000 1.000000 0.000000 109.505081
54.000000 1.000000 0.000000 139.505081
55.000000 1.000000 0.000000 169.505081
56.000000 1.000000 0.000000 199.505081
57.000000 1.000000 0.000000 229.505081
58.000000 1.000000 0.000000 259.505096
59.000000 1.000000 0.000000 289.505096
60.000000 1.000000 0.000000 319.505096
61.000000 1.000000 0.000000 349.505096
62.000000 1.000000 0.000000 379.505096
63.000000 1.000000 0.000000 409.505096
64.000000 1.000000 0.000000 439.505096
65.000000 1.000000 0.000000 469.505096
66.000000 1.000000 0.000000 499.505096
67.000000 1.000000 0.000000 529.505066
68.000000 1.000000 0.000000 559.505066
69.000000 1.000000 0.000000 589.505066
70.000000 1.000000 0.000000 619.505066
71.000000 1.000000 0.000000 649.505066
72.000000 1.000000 0.000000 679.505066
73.000000 1.000000 0.000000 709.505066
74.000000 1.000000 0.000000 739.505066
75.000000 1.000000 0.000000 769.505066
76.000000 1.000000 0.000000 799.505066
77.000000 1.000000 0.000000 829.505066
78.000000 1.000000 0.000000 859.505066
79.000000 1.000000 0.000000 889.505066
80.000000 1.000000 0.000000 919.505066
81.000000 1.000000 0.000000 949.505066
82.000000 1.000000 0.000000 979.505066
83.000000 1.000000 0.000000 1009.505066
84.000000 1.000000 0.000000 1039.505127
85.000000 1.000000 0.000000 1069.505127
86.000000 1.000000 0.000000 1099.505127
87.000000 1.000000 0.000000 1129.505127
88.000000 1.000000 0.000000 1159.505127
89.000000 1.000000 0.000000 1189.505127
90.000000 1.000000 0.000000 1219.505127
91.000000 1.000000 0.000000 1249.505127
92.000000 1.000000 0.000000 1279.505127
93.000000 1.000000 0.000000 1309.505127
94.000000 1.000000 0.000000 1339.505127
95.000000 1.000000 0.000000 1369.505127
96.000000 1.000000 0.000000 1399.505127
97.000000 1.000000 0.000000 1429.505127
98.000000 1.000000 0.000000 1459.505127
99.000000 1.000000 0.000000 1489.505127
# t= 4.501000
0.000000 0.000673 50.000000 0.000000
1.000000 0.000686 49.001343 0.020175
2.000000 0.000701 48.002716 0.040765
3.000000 0.000716 47.004116 0.061788
4.000000 0.000731 46.005550 0.083261
5.000000 0.000748 45.007011 0.105205
6.000000 0.000765 44.008507 0.127640
7.000000 0.000783 43.010036 0.150590
8.000000 0.000802 42.011600 0.174077
9.000000 0.000821 41.013203 0.198129
10.000000 0.000842 40.014847 0.222772
11.000000 0.000864 39.016529 0.248038
12.000000 0.000887 38.018257 0.273957
13.000000 0.000911 37.020031 0.300564
14.000000 0.000937 36.021851 0.327897
15.000000 0.000964 35.023724 0.355997
16.000000 0.000992 34.025650 0.384908
17.000000 0.001023 33.027634 0.414678
18.000000 0.001055 32.029678 0.445360
19.000000 0.001089 31.031788 0.477011
20.000000 0.001126 30.033964 0.509694
21.000000 0.001165 29.036217 0.543479
22.000000 0.001208 28.038546 0.578443
23.000000 0.001253 27.040958 0.614670
24.000000 0.001302 26.043463 0.652256
25.000000 0.001354 25.046064 0.691306
26.000000 0.001412 24.048773 0.731939
27.000000 0.001474 23.051594 0.774288
28.000000 0.001542 22.054539 0.818505
29.000000 0.001616 21.057621 0.864761
30.000000 0.001699 20.060850 0.913253
31.000000 0.001789 19.064245 0.964208
32.000000 0.001891 18.067820 1.017891
33.000000 0.002004 17.071598 1.074607
34.000000 0.002131 16.075602 1.134720
35.000000 0.002276 15.079860 1.198663
36.000000 0.002442 14.084407 1.266955
37.000000 0.002635 13.089286 1.340229
38.000000 0.002860 12.094548 1.419268
39.000000 0.003126 11.100260 1.505054
40.000000 0.003448 10.106503 1.598844
41.000000 0.003843 9.113386 1.702279
42.000000 0.004340 8.121057 1.817563
43.000000 0.004983 7.129717 1.947751
44.000000 0.005851 6.139659 2.097254
45.000000 0.007081 5.151326 2.272769
46.000000 0.008964 4.165438 2.485202
47.000000 0.012201 3.183285 2.754109
48.000000 0.019082 2.207538 3.120145
49.000000 0.145497 1.245339 3.692615
50.000000 0.999061 0.015600 8.072532
51.000000 1.000000 0.000000 38.044834
52.000000 1.000000 0.000000 68.044830
53.000000 1.000000 0.000000 98.044830
54.000000 1.000000 0.000000 128.044830
55.000000 1.000000 0.000000 158.044830
56.000000 1.000000 0.000000 188.044830
57.000000 1.000000 0.000000 218.044830
58.000000 1.000000 0.000000 248.044830
59.000000 1.000000 0.000000 278.044830
60.000000 1.000000 0.000000 308.044830
61.000000 1.000000 0.000000 338.044830
62.000000 1.000000 0.000000 368.044830
63.000000 1.000000 0.000000 398.044830
64.000000 1.000000 0.000000 428.044830
65.000000 1.000000 0.000000 458.044830
66.000000 1.000000 0.000000 488.044830
67.000000 1.000000 0.000000 518.044861
68.000000 1.000000 0.000000 548.044861
69.000000 1.000000 0.000000 578.044861
70.000000 1.000000 0.000000 608.044861
71.000000 1.000000 0.000000 638.044861
72.000000 1.000000 0.000000 668.044861
73.000000 1.000000 0.000000 698.044861
74.000000 1.000000 0.000000 728.044861
75.000000 1.000000 0.000000 758.044861
76.000000 1.000000 0.000000 788.044861
77.000000 1.000000 0.000000 818.044861
78.000000 1.000000 0.000000 848.044861
79.000000 1.000000 0.000000 878.044861
80.000000 1.000000 0.000000 908.044861
81.000000 1.000000 0.000000 938.044861
82.000000 1.000000 0.000000 968.044861
83.000000 1.000000 0.000000 998.044861
84.000000 1.000000 0.000000 1028.044800
85.000000 1.000000 0.000000 1058.044800
86.000000 1.000000 0.000000 1088.044800
87.000000 1.000000 0.000000 1118.044800
88.000000 1.000000 0.000000 1148.044800
89.000000 1.000000 0.000000 1178.044800
90.000000 1.000000 0.000000 1208.044800
91.000000 1.000000 0.000000 1238.044800
92.000000 1.000000 0.000000 1268.044800
93.000000 1.000000 0.000000 1298.044800
94.000000 1.000000 0.000000 1328.044800
95.000000 1.000000 0.000000 1358.044800
96.000000 1.000000 0.000000 1388.044800
97.000000 1.000000 0.000000 1418.044800
98.000000 1.000000 0.000000 1448.044800
99.000000 1.000000 0.000000 1478.044800
# t= 5.000000
0.000000 0.000673 50.000000 0.000000
1.000000 0.000686 49.001343 0.020175
2.000000 0.000701 48.002716 0.040765
3.000000 0.000716 47.004116 0.061788
4.000000 0.000731 46.005550 0.083261
5.000000 0.000748 45.007011 0.105205
6.000000 0.000765 44.008507 0.127640
7.000000 0.000783 43.010036 0.150590
8.000000 0.000802 42.011600 0.174077
9.000000 0.000821 41.013203 0.198129
10.000000 0.000842 40.014847 0.222772
11.000000 0.000864 39.016529 0.248038
12.000000 0.000887 38.018257 0.273957
13.000000 0.000911 37.020031 0.300564
14.000000 0.000937 36.021851 0.327897
15.000000 0.000964 35.023724 0.355997
16.000000 0.000992 34.025650 0.384908
17.000000 0.001023 33.027634 0.414678
18.000000 0.001055 32.029678 0.445360
19.000000 0.001089 31.031788 0.477011
20.000000 0.001126 30.033964 0.509694
21.000000 0.001165 29.036217 0.543479
22.000000 0.001208 28.038546 0.578443
23.000000 0.001253 27.040958 0.614670
24.000000 0.001302 26.043463 0.652256
25.000000 0.001354 25.046064 0.691306
26.000000 0.001412 24.048773 0.731939
27.000000 0.001474 23.051594 0.774288
28.000000 0.001542 22.054539 0.818505
29.000000 0.001616 21.057621 0.864761
30.000000 0.001699 20.060850 0.913253
31.000000 0.001789 19.064245 0.964208
32.000000 0.001891 18.067820 1.017891
33.000000 0.002004 17.071598 1.074607
34.000000 0.002131 16.075602 1.134720
35.000000 0.002276 15.079860 1.198663
36.000000 0.002442 14.084407 1.266955
37.000000 0.002635 13.089286 1.340229
38.000000 0.002860 12.094548 1.419268
39.000000 0.003126 11.100260 1.505054
40.000000 0.003448 10.106503 1.598844
41.000000 0.003843 9.113386 1.702279
42.000000 0.004340 8.121057 1.817563
43.000000 0.004983 7.129717 1.947751
44.000000 0.005851 6.139659 2.097254
45.000000 0.007081 5.151326 2.272769
46.000000 0.008964 4.165438 2.485202
47.000000 0.012201 3.183285 2.754109
48.000000 0.019082 2.207538 3.120145
49.000000 0.045157 1.245339 3.692615
50.000000 0.907985 0.321209 5.047687
51.000000 1.000000 0.000000 32.296631
52.000000 1.000000 0.000000 62.296631
53.000000 1.000000 0.000000 92.296631
54.000000 1.000000 0.000000 122.296631
55.000000 1.000000 0.000000 152.296631
56.000000 1.000000 0.000000 182.296631
57.000000 1.000000 0.000000 212.296631
58.000000 1.000000 0.000000 242.296631
59.000000 1.000000 0.000000 272.296631
60.000000 1.000000 0.000000 302.296631
61.000000 1.000000 0.000000 332.296631
62.000000 1.000000 0.000000 362.296631
63.000000 1.000000 0.000000 392.296631
64.000000 1.000000 0.000000 422.296631
65.000000 1.000000 0.000000 452.296631
66.000000 1.000000 0.000000 482.296631
67.000000 1.000000 0.000000 512.296631
68.000000 1.000000 0.000000 542.296631
69.000000 1.000000 0.000000 572.296631
70.000000 1.000000 0.000000 602.296631
71.000000 1.000000 0.000000 632.296631
72.000000 1.000000 0.000000 662.296631
73.000000 1.000000 0.000000 692.296631
74.000000 1.000000 0.000000 722.296631
75.000000 1.000000 0.000000 752.296631
76.000000 1.000000 0.000000 782.296631
77.000000 1.000000 0.000000 812.296631
78.000000 1.000000 0.000000 842.296631
79.000000 1.000000 0.000000 872.296631
80.000000 1.000000 0.000000 902.296631
81.000000 1.000000 0.000000 932.296631
82.000000 1.000000 0.000000 962.296631
83.000000 1.000000 0.000000 992.296631
84.000000 1.000000 0.000000 1022.296631
85.000000 1.000000 0.000000 1052.296631
86.000000 1.000000 0.000000 1082.296631
87.000000 1.000000 0.000000 1112.296631
88.000000 1.000000 0.000000 1142.296631
89.000000 1.000000 0.000000 1172.296631
90.000000 1.000000 0.000000 1202.296631
91.000000 1.000000 0.000000 1232.296631
92.000000 1.000000 0.000000 1262.296631
93.000000 1.000000 0.000000 1292.296631
94.000000 1.000000 0.000000 1322.296631
95.000000 1.000000 0.000000 1352.296631
96.000000 1.000000 0.000000 1382.296631
97.000000 1.000000 0.000000 1412.296631
98.000000 1.000000 0.000000 1442.296631
99.000000 1.000000 0.000000 1472.296631
