# t= 0.001000
0.000000 0.999001 50.000000
1.000000 1.000000 0.000000
2.000000 1.000000 0.000000
3.000000 1.000000 0.000000
4.000000 1.000000 0.000000
5.000000 1.000000 0.000000
6.000000 1.000000 0.000000
7.000000 1.000000 0.000000
8.000000 1.000000 0.000000
9.000000 1.000000 0.000000
10.000000 1.000000 0.000000
11.000000 1.000000 0.000000
12.000000 1.000000 0.000000
13.000000 1.000000 0.000000
14.000000 1.000000 0.000000
15.000000 1.000000 0.000000
16.000000 1.000000 0.000000
17.000000 1.000000 0.000000
18.000000 1.000000 0.000000
19.000000 1.000000 0.000000
20.000000 1.000000 0.000000
21.000000 1.000000 0.000000
22.000000 1.000000 0.000000
23.000000 1.000000 0.000000
24.000000 1.000000 0.000000
25.000000 1.000000 0.000000
26.000000 1.000000 0.000000
27.000000 1.000000 0.000000
28.000000 1.000000 0.000000
29.000000 1.000000 0.000000
30.000000 1.000000 0.000000
31.000000 1.000000 0.000000
32.000000 1.000000 0.000000
33.000000 1.000000 0.000000
34.000000 1.000000 0.000000
35.000000 1.000000 0.000000
36.000000 1.000000 0.000000
37.000000 1.000000 0.000000
38.000000 1.000000 0.000000
39.000000 1.000000 0.000000
40.000000 1.000000 0.000000
41.000000 1.000000 0.000000
42.000000 1.000000 0.000000
43.000000 1.000000 0.000000
44.000000 1.000000 0.000000
45.000000 1.000000 0.000000
46.000000 1.000000 0.000000
47.000000 1.000000 0.000000
48.000000 1.000000 0.000000
49.000000 1.000000 0.000000
50.000000 1.000000 0.000000
51.000000 1.000000 0.000000
52.000000 1.000000 0.000000
53.000000 1.000000 0.000000
54.000000 1.000000 0.000000
55.000000 1.000000 0.000000
56.000000 1.000000 0.000000
57.000000 1.000000 0.000000
58.000000 1.000000 0.000000
59.000000 1.000000 0.000000
60.000000 1.000000 0.000000
61.000000 1.000000 0.000000
62.000000 1.000000 0.000000
63.000000 1.000000 0.000000
64.000000 1.000000 0.000000
65.000000 1.000000 0.000000
66.000000 1.000000 0.000000
67.000000 1.000000 0.000000
68.000000 1.000000 0.000000
69.000000 1.000000 0.000000
70.000000 1.000000 0.000000
71.000000 1.000000 0.000000
72.000000 1.000000 0.000000
73.000000 1.000000 0.000000
74.000000 1.000000 0.000000
75.000000 1.000000 0.000000
76.000000 1.000000 0.000000
77.000000 1.000000 0.000000
78.000000 1.000000 0.000000
79.000000 1.000000 0.000000
80.000000 1.000000 0.000000
81.000000 1.000000 0.000000
82.000000 1.000000 0.000000
83.000000 1.000000 0.000000
84.000000 1.000000 0.000000
85.000000 1.000000 0.000000
86.000000 1.000000 0.000000
87.000000 1.000000 0.000000
88.000000 1.000000 0.000000
89.000000 1.000000 0.000000
90.000000 1.000000 0.000000
91.000000 1.000000 0.000000
92.000000 1.000000 0.000000
93.000000 1.000000 0.000000
94.000000 1.000000 0.000000
95.000000 1.000000 0.000000
96.000000 1.000000 0.000000
97.000000 1.000000 0.000000
98.000000 1.000000 0.000000
99.000000 1.000000 0.000000
# t= 100.000000
0.000000 0.000404 50.000000
1.000000 0.000412 49.000843
2.000000 0.000421 48.001701
3.000000 0.000430 47.002579
4.000000 0.000439 46.003475
5.000000 0.000449 45.004395
6.000000 0.000459 44.005333
7.000000 0.000470 43.006298
8.000000 0.000481 42.007282
9.000000 0.000493 41.008293
10.000000 0.000506 40.009331
11.000000 0.000519 39.010395
12.000000 0.000533 38.011486
13.000000 0.000547 37.012611
14.000000 0.000563 36.013767
15.000000 0.000579 35.014957
16.000000 0.000596 34.016186
17.000000 0.000614 33.017452
18.000000 0.000634 32.018757
19.000000 0.000654 31.020107
20.000000 0.000677 30.021505
21.000000 0.000700 29.022953
22.000000 0.000726 28.024456
23.000000 0.000753 27.026016
24.000000 0.000782 26.027637
25.000000 0.000814 25.029329
26.000000 0.000848 24.031094
27.000000 0.000886 23.032940
28.000000 0.000927 22.034874
29.000000 0.000972 21.036907
30.000000 0.001021 20.039045
31.000000 0.001076 19.041304
32.000000 0.001137 18.043697
33.000000 0.001206 17.046238
34.000000 0.001283 16.048950
35.000000 0.001370 15.051856
36.000000 0.001471 14.054984
37.000000 0.001588 13.058359
38.000000 0.001726 12.061915
39.000000 0.001913 11.064587
40.000000 0.002390 10.055182
41.000000 0.005764 8.922533
42.000000 0.040890 6.687203
43.000000 0.439284 0.864110
44.000000 1.000000 0.000000
45.000000 1.000000 0.000000
46.000000 1.000000 0.000000
47.000000 1.000000 0.000000
48.000000 1.000000 0.000000
49.000000 1.000000 0.000000
50.000000 1.000000 0.000000
51.000000 1.000000 0.000000
52.000000 1.000000 0.000000
53.000000 1.000000 0.000000
54.000000 1.000000 0.000000
55.000000 1.000000 0.000000
56.000000 1.000000 0.000000
57.000000 1.000000 0.000000
58.000000 1.000000 0.000000
59.000000 1.000000 0.000000
60.000000 1.000000 0.000000
61.000000 1.000000 0.000000
62.000000 1.000000 0.000000
63.000000 1.000000 0.000000
64.000000 1.000000 0.000000
65.000000 1.000000 0.000000
66.000000 1.000000 0.000000
67.000000 1.000000 0.000000
68.000000 1.000000 0.000000
69.000000 1.000000 0.000000
70.000000 1.000000 0.000000
71.000000 1.000000 0.000000
72.000000 1.000000 0.000000
73.000000 1.000000 0.000000
74.000000 1.000000 0.000000
75.000000 1.000000 0.000000
76.000000 1.000000 0.000000
77.000000 1.000000 0.000000
78.000000 1.000000 0.000000
79.000000 1.000000 0.000000
80.000000 1.000000 0.000000
81.000000 1.000000 0.000000
82.000000 1.000000 0.000000
83.000000 1.000000 0.000000
84.000000 1.000000 0.000000
85.000000 1.000000 0.000000
86.000000 1.000000 0.000000
87.000000 1.000000 0.000000
88.000000 1.000000 0.000000
89.000000 1.000000 0.000000
90.000000 1.000000 0.000000
91.000000 1.000000 0.000000
92.000000 1.000000 0.000000
93.000000 1.000000 0.000000
94.000000 1.000000 0.000000
95.000000 1.000000 0.000000
96.000000 1.000000 0.000000
97.000000 1.000000 0.000000
98.000000 1.000000 0.000000
99.000000 1.000000 0.000000
# t= 200.000000
0.000000 0.000404 50.000000
1.000000 0.000412 49.000843
2.000000 0.000421 48.001701
3.000000 0.000430 47.002579
4.000000 0.000439 46.003475
5.000000 0.000449 45.004395
6.000000 0.000459 44.005333
7.000000 0.000470 43.006298
8.000000 0.000481 42.007282
9.000000 0.000493 41.008293
10.000000 0.000506 40.009331
11.000000 0.000519 39.010395
12.000000 0.000533 38.011486
13.000000 0.000547 37.012611
14.000000 0.000563 36.013767
15.000000 0.000579 35.014957
16.000000 0.000596 34.016186
17.000000 0.000614 33.017452
18.000000 0.000634 32.018757
19.000000 0.000654 31.020107
20.000000 0.000677 30.021505
21.000000 0.000700 29.022953
22.000000 0.000726 28.024456
23.000000 0.000753 27.026016
24.000000 0.000782 26.027637
25.000000 0.000814 25.029329
26.000000 0.000848 24.031094
27.000000 0.000886 23.032940
28.000000 0.000927 22.034874
29.000000 0.000972 21.036907
30.000000 0.001021 20.039045
31.000000 0.001076 19.041304
32.000000 0.001137 18.043697
33.000000 0.001206 17.046238
34.000000 0.001283 16.048950
35.000000 0.001370 15.051857
36.000000 0.001471 14.054986
37.000000 0.001587 13.058374
38.000000 0.001724 12.062070
39.000000 0.001885 11.066130
40.000000 0.002080 10.070634
41.000000 0.002321 9.075687
42.000000 0.002623 8.081439
43.000000 0.003016 7.088101
44.000000 0.003546 6.096003
45.000000 0.004299 5.105674
46.000000 0.005455 4.118054
47.000000 0.007441 3.135021
48.000000 0.011590 2.161056
49.000000 0.024246 1.210556
50.000000 0.090836 0.360149
51.000000 0.734551 0.003837
52.000000 1.000000 0.000000
53.000000 1.000000 0.000000
54.000000 1.000000 0.000000
55.000000 1.000000 0.000000
56.000000 1.000000 0.000000
57.000000 1.000000 0.000000
58.000000 1.000000 0.000000
59.000000 1.000000 0.000000
60.000000 1.000000 0.000000
61.000000 1.000000 0.000000
62.000000 1.000000 0.000000
63.000000 1.000000 0.000000
64.000000 1.000000 0.000000
65.000000 1.000000 0.000000
66.000000 1.000000 0.000000
67.000000 1.000000 0.000000
68.000000 1.000000 0.000000
69.000000 1.000000 0.000000
70.000000 1.000000 0.000000
71.000000 1.000000 0.000000
72.000000 1.000000 0.000000
73.000000 1.000000 0.000000
74.000000 1.000000 0.000000
75.000000 1.000000 0.000000
76.000000 1.000000 0.000000
77.000000 1.000000 0.000000
78.000000 1.000000 0.000000
79.000000 1.000000 0.000000
80.000000 1.000000 0.000000
81.000000 1.000000 0.000000
82.000000 1.000000 0.000000
83.000000 1.000000 0.000000
84.000000 1.000000 0.000000
85.000000 1.000000 0.000000
86.000000 1.000000 0.000000
87.000000 1.000000 0.000000
88.000000 1.000000 0.000000
89.000000 1.000000 0.000000
90.000000 1.000000 0.000000
91.000000 1.000000 0.000000
92.000000 1.000000 0.000000
93.000000 1.000000 0.000000
94.000000 1.000000 0.000000
95.000000 1.000000 0.000000
96.000000 1.000000 0.000000
97.000000 1.000000 0.000000
98.000000 1.000000 0.000000
99.000000 1.000000 0.000000
# t= 300.001000
0.000000 0.000404 50.000000
1.000000 0.000412 49.000843
2.000000 0.000421 48.001701
3.000000 0.000430 47.002579
4.000000 0.000439 46.003475
5.000000 0.000449 45.004395
6.000000 0.000459 44.005333
7.000000 0.000470 43.006298
8.000000 0.000481 42.007282
9.000000 0.000493 41.008293
10.000000 0.000506 40.009331
11.000000 0.000519 39.010395
12.000000 0.000533 38.011486
13.000000 0.000547 37.012611
14.000000 0.000563 36.013767
15.000000 0.000579 35.014957
16.000000 0.000596 34.016186
17.000000 0.000614 33.017452
18.000000 0.000634 32.018757
19.000000 0.000654 31.020107
20.000000 0.000677 30.021505
21.000000 0.000700 29.022953
22.000000 0.000726 28.024456
23.000000 0.000753 27.026016
24.000000 0.000782 26.027637
25.000000 0.000814 25.029329
26.000000 0.000848 24.031094
27.000000 0.000886 23.032940
28.000000 0.000927 22.034874
29.000000 0.000972 21.036907
30.000000 0.001021 20.039045
31.000000 0.001076 19.041304
32.000000 0.001137 18.043697
33.000000 0.001206 17.046238
34.000000 0.001283 16.048950
35.000000 0.001370 15.051857
36.000000 0.001471 14.054986
37.000000 0.001587 13.058374
38.000000 0.001724 12.062070
39.000000 0.001885 11.066130
40.000000 0.002080 10.070634
41.000000 0.002321 9.075687
42.000000 0.002623 8.081439
43.000000 0.003016 7.088101
44.000000 0.003546 6.096003
45.000000 0.004299 5.105674
46.000000 0.005455 4.118054
47.000000 0.007441 3.135021
48.000000 0.011590 2.161056
49.000000 0.024246 1.210556
50.000000 0.090836 0.360149
51.000000 0.734551 0.003837
52.000000 1.000000 0.000000
53.000000 1.000000 0.000000
54.000000 1.000000 0.000000
55.000000 1.000000 0.000000
56.000000 1.000000 0.000000
57.000000 1.000000 0.000000
58.000000 1.000000 0.000000
59.000000 1.000000 0.000000
60.000000 1.000000 0.000000
61.000000 1.000000 0.000000
62.000000 1.000000 0.000000
63.000000 1.000000 0.000000
64.000000 1.000000 0.000000
65.000000 1.000000 0.000000
66.000000 1.000000 0.000000
67.000000 1.000000 0.000000
68.000000 1.000000 0.000000
69.000000 1.000000 0.000000
70.000000 1.000000 0.000000
71.000000 1.000000 0.000000
72.000000 1.000000 0.000000
73.000000 1.000000 0.000000
74.000000 1.000000 0.000000
75.000000 1.000000 0.000000
76.000000 1.000000 0.000000
77.000000 1.000000 0.000000
78.000000 1.000000 0.000000
79.000000 1.000000 0.000000
80.000000 1.000000 0.000000
81.000000 1.000000 0.000000
82.000000 1.000000 0.000000
83.000000 1.000000 0.000000
84.000000 1.000000 0.000000
85.000000 1.000000 0.000000
86.000000 1.000000 0.000000
87.000000 1.000000 0.000000
88.000000 1.000000 0.000000
89.000000 1.000000 0.000000
90.000000 1.000000 0.000000
91.000000 1.000000 0.000000
92.000000 1.000000 0.000000
93.000000 1.000000 0.000000
94.000000 1.000000 0.000000
95.000000 1.000000 0.000000
96.000000 1.000000 0.000000
97.000000 1.000000 0.000000
98.000000 1.000000 0.000000
99.000000 1.000000 0.000000
# t= 400.001000
0.000000 0.000404 50.000000
1.000000 0.000412 49.000843
2.000000 0.000421 48.001701
3.000000 0.000430 47.002579
4.000000 0.000439 46.003475
5.000000 0.000449 45.004395
6.000000 0.000459 44.005333
7.000000 0.000470 43.006298
8.000000 0.000481 42.007282
9.000000 0.000493 41.008293
10.000000 0.000506 40.009331
11.000000 0.000519 39.010395
12.000000 0.000533 38.011486
13.000000 0.000547 37.012611
14.000000 0.000563 36.013767
15.000000 0.000579 35.014957
16.000000 0.000596 34.016186
17.000000 0.000614 33.017452
18.000000 0.000634 32.018757
19.000000 0.000654 31.020107
20.000000 0.000677 30.021505
21.000000 0.000700 29.022953
22.000000 0.000726 28.024456
23.000000 0.000753 27.026016
24.000000 0.000782 26.027637
25.000000 0.000814 25.029329
26.000000 0.000848 24.031094
27.000000 0.000886 23.032940
28.000000 0.000927 22.034874
29.000000 0.000972 21.036907
30.000000 0.001021 20.039045
31.000000 0.001076 19.041304
32.000000 0.001137 18.043697
33.000000 0.001206 17.046238
34.000000 0.001283 16.048950
35.000000 0.001370 15.051857
36.000000 0.001471 14.054986
37.000000 0.001587 13.058374
38.000000 0.001724 12.062070
39.000000 0.001885 11.066130
40.000000 0.002080 10.070634
41.000000 0.002321 9.075687
42.000000 0.002623 8.081439
43.000000 0.003016 7.088101
44.000000 0.003546 6.096003
45.000000 0.004299 5.105674
46.000000 0.005455 4.118054
47.000000 0.007441 3.135021
48.000000 0.011590 2.161056
49.000000 0.024246 1.210556
50.000000 0.090836 0.360149
51.000000 0.734551 0.003837
52.000000 1.000000 0.000000
53.000000 1.000000 0.000000
54.000000 1.000000 0.000000
55.000000 1.000000 0.000000
56.000000 1.000000 0.000000
57.000000 1.000000 0.000000
58.000000 1.000000 0.000000
59.000000 1.000000 0.000000
60.000000 1.000000 0.000000
61.000000 1.000000 0.000000
62.000000 1.000000 0.000000
63.000000 1.000000 0.000000
64.000000 1.000000 0.000000
65.000000 1.000000 0.000000
66.000000 1.000000 0.000000
67.000000 1.000000 0.000000
68.000000 1.000000 0.000000
69.000000 1.000000 0.000000
70.000000 1.000000 0.000000
71.000000 1.000000 0.000000
72.000000 1.000000 0.000000
73.000000 1.000000 0.000000
74.000000 1.000000 0.000000
75.000000 1.000000 0.000000
76.000000 1.000000 0.000000
77.000000 1.000000 0.000000
78.000000 1.000000 0.000000
79.000000 1.000000 0.000000
80.000000 1.000000 0.000000
81.000000 1.000000 0.000000
82.000000 1.000000 0.000000
83.000000 1.000000 0.000000
84.000000 1.000000 0.000000
85.000000 1.000000 0.000000
86.000000 1.000000 0.000000
87.000000 1.000000 0.000000
88.000000 1.000000 0.000000
89.000000 1.000000 0.000000
90.000000 1.000000 0.000000
91.000000 1.000000 0.000000
92.000000 1.000000 0.000000
93.000000 1.000000 0.000000
94.000000 1.000000 0.000000
95.000000 1.000000 0.000000
96.000000 1.000000 0.000000
97.000000 1.000000 0.000000
98.000000 1.000000 0.000000
99.000000 1.000000 0.000000
# t= 500.001000
0.000000 0.000404 50.000000
1.000000 0.000412 49.000843
2.000000 0.000421 48.001701
3.000000 0.000430 47.002579
4.000000 0.000439 46.003475
5.000000 0.000449 45.004395
6.000000 0.000459 44.005333
7.000000 0.000470 43.006298
8.000000 0.000481 42.007282
9.000000 0.000493 41.008293
10.000000 0.000506 40.009331
11.000000 0.000519 39.010395
12.000000 0.000533 38.011486
13.000000 0.000547 37.012611
14.000000 0.000563 36.013767
15.000000 0.000579 35.014957
16.000000 0.000596 34.016186
17.000000 0.000614 33.017452
18.000000 0.000634 32.018757
19.000000 0.000654 31.020107
20.000000 0.000677 30.021505
21.000000 0.000700 29.022953
22.000000 0.000726 28.024456
23.000000 0.000753 27.026016
24.000000 0.000782 26.027637
25.000000 0.000814 25.029329
26.000000 0.000848 24.031094
27.000000 0.000886 23.032940
28.000000 0.000927 22.034874
29.000000 0.000972 21.036907
30.000000 0.001021 20.039045
31.000000 0.001076 19.041304
32.000000 0.001137 18.043697
33.000000 0.001206 17.046238
34.000000 0.001283 16.048950
35.000000 0.001370 15.051857
36.000000 0.001471 14.054986
37.000000 0.001587 13.058374
38.000000 0.001724 12.062070
39.000000 0.001885 11.066130
40.000000 0.002080 10.070634
41.000000 0.002321 9.075687
42.000000 0.002623 8.081439
43.000000 0.003016 7.088101
44.000000 0.003546 6.096003
45.000000 0.004299 5.105674
46.000000 0.005455 4.118054
47.000000 0.007441 3.135021
48.000000 0.011590 2.161056
49.000000 0.024246 1.210556
50.000000 0.090836 0.360149
51.000000 0.734551 0.003837
52.000000 1.000000 0.000000
53.000000 1.000000 0.000000
54.000000 1.000000 0.000000
55.000000 1.000000 0.000000
56.000000 1.000000 0.000000
57.000000 1.000000 0.000000
58.000000 1.000000 0.000000
59.000000 1.000000 0.000000
60.000000 1.000000 0.000000
61.000000 1.000000 0.000000
62.000000 1.000000 0.000000
63.000000 1.000000 0.000000
64.000000 1.000000 0.000000
65.000000 1.000000 0.000000
66.000000 1.000000 0.000000
67.000000 1.000000 0.000000
68.000000 1.000000 0.000000
69.000000 1.000000 0.000000
70.000000 1.000000 0.000000
71.000000 1.000000 0.000000
72.000000 1.000000 0.000000
73.000000 1.000000 0.000000
74.000000 1.000000 0.000000
75.000000 1.000000 0.000000
76.000000 1.000000 0.000000
77.000000 1.000000 0.000000
78.000000 1.000000 0.000000
79.000000 1.000000 0.000000
80.000000 1.000000 0.000000
81.000000 1.000000 0.000000
82.000000 1.000000 0.000000
83.000000 1.000000 0.000000
84.000000 1.000000 0.000000
85.000000 1.000000 0.000000
86.000000 1.000000 0.000000
87.000000 1.000000 0.000000
88.000000 1.000000 0.000000
89.000000 1.000000 0.000000
90.000000 1.000000 0.000000
91.000000 1.000000 0.000000
92.000000 1.000000 0.000000
93.000000 1.000000 0.000000
94.000000 1.000000 0.000000
95.000000 1.000000 0.000000
96.000000 1.000000 0.000000
97.000000 1.000000 0.000000
98.000000 1.000000 0.000000
99.000000 1.000000 0.000000
# t= 600.001000
0.000000 0.000404 50.000000
1.000000 0.000412 49.000843
2.000000 0.000421 48.001701
3.000000 0.000430 47.002579
4.000000 0.000439 46.003475
5.000000 0.000449 45.004395
6.000000 0.000459 44.005333
7.000000 0.000470 43.006298
8.000000 0.000481 42.007282
9.000000 0.000493 41.008293
10.000000 0.000506 40.009331
11.000000 0.000519 39.010395
12.000000 0.000533 38.011486
13.000000 0.000547 37.012611
14.000000 0.000563 36.013767
15.000000 0.000579 35.014957
16.000000 0.000596 34.016186
17.000000 0.000614 33.017452
18.000000 0.000634 32.018757
19.000000 0.000654 31.020107
20.000000 0.000677 30.021505
21.000000 0.000700 29.022953
22.000000 0.000726 28.024456
23.000000 0.000753 27.026016
24.000000 0.000782 26.027637
25.000000 0.000814 25.029329
26.000000 0.000848 24.031094
27.000000 0.000886 23.032940
28.000000 0.000927 22.034874
29.000000 0.000972 21.036907
30.000000 0.001021 20.039045
31.000000 0.001076 19.041304
32.000000 0.001137 18.043697
33.000000 0.001206 17.046238
34.000000 0.001283 16.048950
35.000000 0.001370 15.051857
36.000000 0.001471 14.054986
37.000000 0.001587 13.058374
38.000000 0.001724 12.062070
39.000000 0.001885 11.066130
40.000000 0.002080 10.070634
41.000000 0.002321 9.075687
42.000000 0.002623 8.081439
43.000000 0.003016 7.088101
44.000000 0.003546 6.096003
45.000000 0.004299 5.105674
46.000000 0.005455 4.118054
47.000000 0.007441 3.135021
48.000000 0.011590 2.161056
49.000000 0.024246 1.210556
50.000000 0.090836 0.360149
51.000000 0.734551 0.003837
52.000000 1.000000 0.000000
53.000000 1.000000 0.000000
54.000000 1.000000 0.000000
55.000000 1.000000 0.000000
56.000000 1.000000 0.000000
57.000000 1.000000 0.000000
58.000000 1.000000 0.000000
59.000000 1.000000 0.000000
60.000000 1.000000 0.000000
61.000000 1.000000 0.000000
62.000000 1.000000 0.000000
63.000000 1.000000 0.000000
64.000000 1.000000 0.000000
65.000000 1.000000 0.000000
66.000000 1.000000 0.000000
67.000000 1.000000 0.000000
68.000000 1.000000 0.000000
69.000000 1.000000 0.000000
70.000000 1.000000 0.000000
71.000000 1.000000 0.000000
72.000000 1.000000 0.000000
73.000000 1.000000 0.000000
74.000000 1.000000 0.000000
75.000000 1.000000 0.000000
76.000000 1.000000 0.000000
77.000000 1.000000 0.000000
78.000000 1.000000 0.000000
79.000000 1.000000 0.000000
80.000000 1.000000 0.000000
81.000000 1.000000 0.000000
82.000000 1.000000 0.000000
83.000000 1.000000 0.000000
84.000000 1.000000 0.000000
85.000000 1.000000 0.000000
86.000000 1.000000 0.000000
87.000000 1.000000 0.000000
88.000000 1.000000 0.000000
89.000000 1.000000 0.000000
90.000000 1.000000 0.000000
91.000000 1.000000 0.000000
92.000000 1.000000 0.000000
93.000000 1.000000 0.000000
94.000000 1.000000 0.000000
95.000000 1.000000 0.000000
96.000000 1.000000 0.000000
97.000000 1.000000 0.000000
98.000000 1.000000 0.000000
99.000000 1.000000 0.000000
# t= 700.001000
0.000000 0.000404 50.000000
1.000000 0.000412 49.000843
2.000000 0.000421 48.001701
3.000000 0.000430 47.002579
4.000000 0.000439 46.003475
5.000000 0.000449 45.004395
6.000000 0.000459 44.005333
7.000000 0.000470 43.006298
8.000000 0.000481 42.007282
9.000000 0.000493 41.008293
10.000000 0.000506 40.009331
11.000000 0.000519 39.010395
12.000000 0.000533 38.011486
13.000000 0.000547 37.012611
14.000000 0.000563 36.013767
15.000000 0.000579 35.014957
16.000000 0.000596 34.016186
17.000000 0.000614 33.017452
18.000000 0.000634 32.018757
19.000000 0.000654 31.020107
20.000000 0.000677 30.021505
21.000000 0.000700 29.022953
22.000000 0.000726 28.024456
23.000000 0.000753 27.026016
24.000000 0.000782 26.027637
25.000000 0.000814 25.029329
26.000000 0.000848 24.031094
27.000000 0.000886 23.032940
28.000000 0.000927 22.034874
29.000000 0.000972 21.036907
30.000000 0.001021 20.039045
31.000000 0.001076 19.041304
32.000000 0.001137 18.043697
33.000000 0.001206 17.046238
34.000000 0.001283 16.048950
35.000000 0.001370 15.051857
36.000000 0.001471 14.054986
37.000000 0.001587 13.058374
38.000000 0.001724 12.062070
39.000000 0.001885 11.066130
40.000000 0.002080 10.070634
41.000000 0.002321 9.075687
42.000000 0.002623 8.081439
43.000000 0.003016 7.088101
44.000000 0.003546 6.096003
45.000000 0.004299 5.105674
46.000000 0.005455 4.118054
47.000000 0.007441 3.135021
48.000000 0.011590 2.161056
49.000000 0.024246 1.210556
50.000000 0.090836 0.360149
51.000000 0.734551 0.003837
52.000000 1.000000 0.000000
53.000000 1.000000 0.000000
54.000000 1.000000 0.000000
55.000000 1.000000 0.000000
56.000000 1.000000 0.000000
57.000000 1.000000 0.000000
58.000000 1.000000 0.000000
59.000000 1.000000 0.000000
60.000000 1.000000 0.000000
61.000000 1.000000 0.000000
62.000000 1.000000 0.000000
63.000000 1.000000 0.000000
64.000000 1.000000 0.000000
65.000000 1.000000 0.000000
66.000000 1.000000 0.000000
67.000000 1.000000 0.000000
68.000000 1.000000 0.000000
69.000000 1.000000 0.000000
70.000000 1.000000 0.000000
71.000000 1.000000 0.000000
72.000000 1.000000 0.000000
73.000000 1.000000 0.000000
74.000000 1.000000 0.000000
75.000000 1.000000 0.000000
76.000000 1.000000 0.000000
77.000000 1.000000 0.000000
78.000000 1.000000 0.000000
79.000000 1.000000 0.000000
80.000000 1.000000 0.000000
81.000000 1.000000 0.000000
82.000000 1.000000 0.000000
83.000000 1.000000 0.000000
84.000000 1.000000 0.000000
85.000000 1.000000 0.000000
86.000000 1.000000 0.000000
87.000000 1.000000 0.000000
88.000000 1.000000 0.000000
89.000000 1.000000 0.000000
90.000000 1.000000 0.000000
91.000000 1.000000 0.000000
92.000000 1.000000 0.000000
93.000000 1.000000 0.000000
94.000000 1.000000 0.000000
95.000000 1.000000 0.000000
96.000000 1.000000 0.000000
97.000000 1.000000 0.000000
98.000000 1.000000 0.000000
99.000000 1.000000 0.000000
# t= 800.001000
0.000000 0.000404 50.000000
1.000000 0.000412 49.000843
2.000000 0.000421 48.001701
3.000000 0.000430 47.002579
4.000000 0.000439 46.003475
5.000000 0.000449 45.004395
6.000000 0.000459 44.005333
7.000000 0.000470 43.006298
8.000000 0.000481 42.007282
9.000000 0.000493 41.008293
10.000000 0.000506 40.009331
11.000000 0.000519 39.010395
12.000000 0.000533 38.011486
13.000000 0.000547 37.012611
14.000000 0.000563 36.013767
15.000000 0.000579 35.014957
16.000000 0.000596 34.016186
17.000000 0.000614 33.017452
18.000000 0.000634 32.018757
19.000000 0.000654 31.020107
20.000000 0.000677 30.021505
21.000000 0.000700 29.022953
22.000000 0.000726 28.024456
23.000000 0.000753 27.026016
24.000000 0.000782 26.027637
25.000000 0.000814 25.029329
26.000000 0.000848 24.031094
27.000000 0.000886 23.032940
28.000000 0.000927 22.034874
29.000000 0.000972 21.036907
30.000000 0.001021 20.039045
31.000000 0.001076 19.041304
32.000000 0.001137 18.043697
33.000000 0.001206 17.046238
34.000000 0.001283 16.048950
35.000000 0.001370 15.051857
36.000000 0.001471 14.054986
37.000000 0.001587 13.058374
38.000000 0.001724 12.062070
39.000000 0.001885 11.066130
40.000000 0.002080 10.070634
41.000000 0.002321 9.075687
42.000000 0.002623 8.081439
43.000000 0.003016 7.088101
44.000000 0.003546 6.096003
45.000000 0.004299 5.105674
46.000000 0.005455 4.118054
47.000000 0.007441 3.135021
48.000000 0.011590 2.161056
49.000000 0.024246 1.210556
50.000000 0.090836 0.360149
51.000000 0.734551 0.003837
52.000000 1.000000 0.000000
53.000000 1.000000 0.000000
54.000000 1.000000 0.000000
55.000000 1.000000 0.000000
56.000000 1.000000 0.000000
57.000000 1.000000 0.000000
58.000000 1.000000 0.000000
59.000000 1.000000 0.000000
60.000000 1.000000 0.000000
61.000000 1.000000 0.000000
62.000000 1.000000 0.000000
63.000000 1.000000 0.000000
64.000000 1.000000 0.000000
65.000000 1.000000 0.000000
66.000000 1.000000 0.000000
67.000000 1.000000 0.000000
68.000000 1.000000 0.000000
69.000000 1.000000 0.000000
70.000000 1.000000 0.000000
71.000000 1.000000 0.000000
72.000000 1.000000 0.000000
73.000000 1.000000 0.000000
74.000000 1.000000 0.000000
75.000000 1.000000 0.000000
76.000000 1.000000 0.000000
77.000000 1.000000 0.000000
78.000000 1.000000 0.000000
79.000000 1.000000 0.000000
80.000000 1.000000 0.000000
81.000000 1.000000 0.000000
82.000000 1.000000 0.000000
83.000000 1.000000 0.000000
84.000000 1.000000 0.000000
85.000000 1.000000 0.000000
86.000000 1.000000 0.000000
87.000000 1.000000 0.000000
88.000000 1.000000 0.000000
89.000000 1.000000 0.000000
90.000000 1.000000 0.000000
91.000000 1.000000 0.000000
92.000000 1.000000 0.000000
93.000000 1.000000 0.000000
94.000000 1.000000 0.000000
95.000000 1.000000 0.000000
96.000000 1.000000 0.000000
97.000000 1.000000 0.000000
98.000000 1.000000 0.000000
99.000000 1.000000 0.000000
# t= 900.001000
0.000000 0.000404 50.000000
1.000000 0.000412 49.000843
2.000000 0.000421 48.001701
3.000000 0.000430 47.002579
4.000000 0.000439 46.003475
5.000000 0.000449 45.004395
6.000000 0.000459 44.005333
7.000000 0.000470 43.006298
8.000000 0.000481 42.007282
9.000000 0.000493 41.008293
10.000000 0.000506 40.009331
11.000000 0.000519 39.010395
12.000000 0.000533 38.011486
13.000000 0.000547 37.012611
14.000000 0.000563 36.013767
15.000000 0.000579 35.014957
16.000000 0.000596 34.016186
17.000000 0.000614 33.017452
18.000000 0.000634 32.018757
19.000000 0.000654 31.020107
20.000000 0.000677 30.021505
21.000000 0.000700 29.022953
22.000000 0.000726 28.024456
23.000000 0.000753 27.026016
24.000000 0.000782 26.027637
25.000000 0.000814 25.029329
26.000000 0.000848 24.031094
27.000000 0.000886 23.032940
28.000000 0.000927 22.034874
29.000000 0.000972 21.036907
30.000000 0.001021 20.039045
31.000000 0.001076 19.041304
32.000000 0.001137 18.043697
33.000000 0.001206 17.046238
34.000000 0.001283 16.048950
35.000000 0.001370 15.051857
36.000000 0.001471 14.054986
37.000000 0.001587 13.058374
38.000000 0.001724 12.062070
39.000000 0.001885 11.066130
40.000000 0.002080 10.070634
41.000000 0.002321 9.075687
42.000000 0.002623 8.081439
43.000000 0.003016 7.088101
44.000000 0.003546 6.096003
45.000000 0.004299 5.105674
46.000000 0.005455 4.118054
47.000000 0.007441 3.135021
48.000000 0.011590 2.161056
49.000000 0.024246 1.210556
50.000000 0.090836 0.360149
51.000000 0.734551 0.003837
52.000000 1.000000 0.000000
53.000000 1.000000 0.000000
54.000000 1.000000 0.000000
55.000000 1.000000 0.000000
56.000000 1.000000 0.000000
57.000000 1.000000 0.000000
58.000000 1.000000 0.000000
59.000000 1.000000 0.000000
60.000000 1.000000 0.000000
61.000000 1.000000 0.000000
62.000000 1.000000 0.000000
63.000000 1.000000 0.000000
64.000000 1.000000 0.000000
65.000000 1.000000 0.000000
66.000000 1.000000 0.000000
67.000000 1.000000 0.000000
68.000000 1.000000 0.000000
69.000000 1.000000 0.000000
70.000000 1.000000 0.000000
71.000000 1.000000 0.000000
72.000000 1.000000 0.000000
73.000000 1.000000 0.000000
74.000000 1.000000 0.000000
75.000000 1.000000 0.000000
76.000000 1.000000 0.000000
77.000000 1.000000 0.000000
78.000000 1.000000 0.000000
79.000000 1.000000 0.000000
80.000000 1.000000 0.000000
81.000000 1.000000 0.000000
82.000000 1.000000 0.000000
83.000000 1.000000 0.000000
84.000000 1.000000 0.000000
85.000000 1.000000 0.000000
86.000000 1.000000 0.000000
87.000000 1.000000 0.000000
88.000000 1.000000 0.000000
89.000000 1.000000 0.000000
90.000000 1.000000 0.000000
91.000000 1.000000 0.000000
92.000000 1.000000 0.000000
93.000000 1.000000 0.000000
94.000000 1.000000 0.000000
95.000000 1.000000 0.000000
96.000000 1.000000 0.000000
97.000000 1.000000 0.000000
98.000000 1.000000 0.000000
99.000000 1.000000 0.000000
# t= 1000.001000
0.000000 0.000404 50.000000
1.000000 0.000412 49.000843
2.000000 0.000421 48.001701
3.000000 0.000430 47.002579
4.000000 0.000439 46.003475
5.000000 0.000449 45.004395
6.000000 0.000459 44.005333
7.000000 0.000470 43.006298
8.000000 0.000481 42.007282
9.000000 0.000493 41.008293
10.000000 0.000506 40.009331
11.000000 0.000519 39.010395
12.000000 0.000533 38.011486
13.000000 0.000547 37.012611
14.000000 0.000563 36.013767
15.000000 0.000579 35.014957
16.000000 0.000596 34.016186
17.000000 0.000614 33.017452
18.000000 0.000634 32.018757
19.000000 0.000654 31.020107
20.000000 0.000677 30.021505
21.000000 0.000700 29.022953
22.000000 0.000726 28.024456
23.000000 0.000753 27.026016
24.000000 0.000782 26.027637
25.000000 0.000814 25.029329
26.000000 0.000848 24.031094
27.000000 0.000886 23.032940
28.000000 0.000927 22.034874
29.000000 0.000972 21.036907
30.000000 0.001021 20.039045
31.000000 0.001076 19.041304
32.000000 0.001137 18.043697
33.000000 0.001206 17.046238
34.000000 0.001283 16.048950
35.000000 0.001370 15.051857
36.000000 0.001471 14.054986
37.000000 0.001587 13.058374
38.000000 0.001724 12.062070
39.000000 0.001885 11.066130
40.000000 0.002080 10.070634
41.000000 0.002321 9.075687
42.000000 0.002623 8.081439
43.000000 0.003016 7.088101
44.000000 0.003546 6.096003
45.000000 0.004299 5.105674
46.000000 0.005455 4.118054
47.000000 0.007441 3.135021
48.000000 0.011590 2.161056
49.000000 0.024246 1.210556
50.000000 0.090836 0.360149
51.000000 0.734551 0.003837
52.000000 1.000000 0.000000
53.000000 1.000000 0.000000
54.000000 1.000000 0.000000
55.000000 1.000000 0.000000
56.000000 1.000000 0.000000
57.000000 1.000000 0.000000
58.000000 1.000000 0.000000
59.000000 1.000000 0.000000
60.000000 1.000000 0.000000
61.000000 1.000000 0.000000
62.000000 1.000000 0.000000
63.000000 1.000000 0.000000
64.000000 1.000000 0.000000
65.000000 1.000000 0.000000
66.000000 1.000000 0.000000
67.000000 1.000000 0.000000
68.000000 1.000000 0.000000
69.000000 1.000000 0.000000
70.000000 1.000000 0.000000
71.000000 1.000000 0.000000
72.000000 1.000000 0.000000
73.000000 1.000000 0.000000
74.000000 1.000000 0.000000
75.000000 1.000000 0.000000
76.000000 1.000000 0.000000
77.000000 1.000000 0.000000
78.000000 1.000000 0.000000
79.000000 1.000000 0.000000
80.000000 1.000000 0.000000
81.000000 1.000000 0.000000
82.000000 1.000000 0.000000
83.000000 1.000000 0.000000
84.000000 1.000000 0.000000
85.000000 1.000000 0.000000
86.000000 1.000000 0.000000
87.000000 1.000000 0.000000
88.000000 1.000000 0.000000
89.000000 1.000000 0.000000
90.000000 1.000000 0.000000
91.000000 1.000000 0.000000
92.000000 1.000000 0.000000
93.000000 1.000000 0.000000
94.000000 1.000000 0.000000
95.000000 1.000000 0.000000
96.000000 1.000000 0.000000
97.000000 1.000000 0.000000
98.000000 1.000000 0.000000
99.000000 1.000000 0.000000
